   12490    19340131       147.00000       0.029772
   12490    19340228       144.00000      -0.020408
   12490    19340331       133.00000      -0.065972
   12490    19340430       143.00000       0.075188
   12490    19340531      -133.50000      -0.066434
   12490    19340630      -139.62500       0.057116
   12490    19340731      -133.50000      -0.043868
   12490    19340831      -137.50000       0.029963
   12490    19340929       141.00000       0.036364
   12490    19341031      -139.00000      -0.014184
   12490    19341130       154.50000       0.111511
   12490    19341231       152.50000       0.016505
   12490    19350131      -151.50000      -0.006557
   12490    19350228       159.00000       0.049505
   12490    19350330      -159.12500       0.010220
   12490    19350430      -174.00000       0.093480
   12490    19350531      -172.50000      -0.008621
   12490    19350629       177.00000       0.034783
   12490    19350731       183.00000       0.033898
   12490    19350831      -181.75000      -0.006831
   12490    19350930      -177.75000      -0.013755
   12490    19351031       180.25000       0.014065
   12490    19351130       182.50000       0.012483
   12490    19351231      -178.37500       0.014938
   12490    19360131       182.75000       0.024527
   12490    19360229       174.00000      -0.047880
   12490    19360331       178.50000       0.034483
   12490    19360430       162.00000      -0.092437
   12490    19360529      -166.00000       0.024691
   12490    19360630       172.00000       0.045181
   12490    19360731       164.25000      -0.045058
   12490    19360831       168.00000       0.022831
   12490    19360930      -170.56250       0.024182
   12490    19361031       171.00000       0.002565
   12490    19361130       190.50000       0.114035
   12490    19361231      -188.75000      -0.001312
   12490    19370130      -180.37500      -0.044371
   12490    19370227       177.50000      -0.015939
   12490    19370331       159.87500      -0.045387
   12490    19370430      -162.50000       0.016419
   12490    19370528       151.00000      -0.070769
   12490    19370630       150.00000       0.003311
   12490    19370731      -160.50000       0.070000
   12490    19370831       150.00000      -0.065421
   12490    19370930       146.25000      -0.015000
   12490    19371030       143.00000      -0.022222
   12490    19371130       132.00000      -0.076923
   12490    19371231      -136.75000       0.047348
   12490    19380131       146.50000       0.071298
   12490    19380228      -153.50000       0.047782
   12490    19380331       130.00000      -0.100489
   12490    19380430       139.00000       0.069231
   12490    19380531      -141.50000       0.017986
   12490    19380630       153.50000       0.095406
   12490    19380730       163.50000       0.065147
   12490    19380831      -162.50000      -0.006116
   12490    19380930       163.00000       0.012308
   12490    19381031      -174.50000       0.070552
   12490    19381130       176.00000       0.008596
   12490    19381231       185.00000       0.059659
   12490    19390131       177.62500      -0.039865
   12490    19390228       184.25000       0.037298
   12490    19390331       168.00000      -0.034057
   12490    19390429      -165.50000      -0.014881
   12490    19390531      -177.12500       0.070242
   12490    19390630       175.00000      -0.003529
   12490    19390731       187.00000       0.068571
   12490    19390831      -169.50000      -0.093583
   12490    19390930       165.50000      -0.014749
   12490    19391031       180.00000       0.087613
   12490    19391130       180.00000       0.000000
   12490    19391230       185.62500       0.039583
   12490    19400131      -180.25000      -0.028956
   12490    19400229       189.50000       0.051318
   12490    19400330       177.75000      -0.006794
   12490    19400430      -175.37500      -0.013361
   12490    19400531       147.00000      -0.161796
   12490    19400629      -138.50000      -0.047619
   12490    19400731       142.00000       0.025271
   12490    19400831       142.75000       0.005282
   12490    19400930      -154.75000       0.094571
   12490    19401031       157.50000       0.017771
   12490    19401130       158.50000       0.006349
   12490    19401231       159.75000       0.017350
   12490    19410131       152.25000       0.000704
   12490    19410228       150.00000      -0.014778
   12490    19410331      -153.56250       0.033750
   12490    19410430       141.00000      -0.081807
   12490    19410531      -150.37500       0.066489
   12490    19410630      -154.12500       0.034913
   12490    19410731      -158.12500       0.025953
   12490    19410830      -157.00000      -0.007115
   12490    19410930      -159.50000       0.025478
   12490    19411031       154.50000      -0.031348
   12490    19411129       155.00000       0.003236
   12490    19411231       151.00000      -0.016129
   12490    19420131      -127.75000      -0.111672
   12490    19420228       123.00000      -0.037182
   12490    19420331       117.00000      -0.036585
   12490    19420430       116.00000      -0.008547
   12490    19420529      -120.56250       0.039332
   12490    19420630      -131.75000       0.105236
   12490    19420731       135.50000       0.028463
   12490    19420831      -138.00000       0.018450
   12490    19420930      -137.00000       0.003623
   12490    19421031      -139.75000       0.020073
   12490    19421130       148.00000       0.059034
   12490    19421231       149.50000       0.020270
   12490    19430130      -153.75000       0.079849
   12490    19430227      -154.00000       0.011382
   12490    19430331       160.50000       0.042208
   12490    19430430      -161.50000       0.006231
   12490    19430529      -168.00000       0.049536
   12490    19430630      -169.50000       0.008929
   12490    19430731      -167.00000      -0.014749
   12490    19430831      -171.00000       0.032934
   12490    19430930      -174.25000       0.019006
   12490    19431030      -172.50000      -0.010043
   12490    19431130       165.50000      -0.031884
   12490    19431231       173.00000       0.045317
   12490    19440131       160.00000      -0.028902
   12490    19440229       155.00000      -0.021875
   12490    19440331      -171.75000       0.108065
   12490    19440429       170.12500      -0.009461
   12490    19440531       171.00000       0.013960
   12490    19440630       172.00000       0.005848
   12490    19440731      -174.18750       0.012718
   12490    19440831      -179.25000       0.037675
   12490    19440930      -180.50000       0.006974
   12490    19441031       174.00000      -0.036011
   12490    19441130      -183.75000       0.064655
   12490    19441230       185.00000       0.006803
   12490    19450131       173.50000      -0.015270
   12490    19450228      -180.62500       0.049712
   12490    19450331      -179.00000      -0.008997
   12490    19450430      -187.00000       0.044693
   12490    19450531       193.75000       0.044118
   12490    19450630       190.75000      -0.015484
   12490    19450731       191.75000       0.005242
   12490    19450831       193.00000       0.014342
   12490    19450929       201.00000       0.041451
   12490    19451031       222.00000       0.104478
   12490    19451130      -242.50000       0.099099
   12490    19451231       238.00000      -0.018557
   12490    19460131       195.00000       0.024160
   12490    19460228       200.00000       0.033333
   12490    19460330      -211.50000       0.057500
   12490    19460430      -238.00000       0.125296
   12490    19460531       248.00000       0.048319
   12490    19460628      -244.00000      -0.016129
   12490    19460731       247.00000       0.012295
   12490    19460830       230.00000      -0.062753
   12490    19460930       211.00000      -0.082609
   12490    19461031       209.00000      -0.009479
   12490    19461130       208.12500       0.002990
   12490    19461231       210.12500       0.009610
   12490    19470131       221.00000       0.051755
   12490    19470228       211.00000      -0.038462
   12490    19470331       208.50000      -0.011848
   12490    19470430       193.50000      -0.071942
   12490    19470529       200.00000       0.041344
   12490    19470630      -206.00000       0.030000
   12490    19470731       215.00000       0.043689
   12490    19470829      -213.50000       0.000000
   12490    19470930       214.00000       0.002342
   12490    19471031       216.50000       0.011682
   12490    19471129      -226.93750       0.055139
   12490    19471231       240.00000       0.057560
   12490    19480131      -219.00000      -0.087500
   12490    19480228      -134.00000       0.078767
   12490    19480331       140.50000       0.048507
   12490    19480430       141.50000       0.007117
   12490    19480528       146.00000       0.038869
   12490    19480630       146.00000       0.000000
   12490    19480730       139.00000      -0.047945
   12490    19480831       149.75000       0.084532
   12490    19480930       142.50000      -0.048414
   12490    19481030       154.00000       0.080702
   12490    19481130       148.62500      -0.028409
   12490    19481231       156.00000       0.049622
   12490    19490131       156.50000       0.053365
   12490    19490228       148.00000      -0.047923
   12490    19490331       155.25000       0.048986
   12490    19490430      -160.00000       0.030596
   12490    19490531       159.00000       0.000000
   12490    19490630       151.50000      -0.047170
   12490    19490729       167.00000       0.102310
   12490    19490831       166.00000       0.000000
   12490    19490930       176.00000       0.060241
   12490    19491031       196.75000       0.117898
   12490    19491130       193.00000      -0.013977
   12490    19491231       227.00000       0.176166
   12490    19500131       228.00000       0.054626
   12490    19500228       225.00000      -0.008772
   12490    19500331       233.50000       0.037778
   12490    19500429       229.00000      -0.019272
   12490    19500531       233.00000       0.021834
   12490    19500630       210.00000      -0.098712
   12490    19500731       190.00000      -0.095238
   12490    19500831       207.00000       0.094737
   12490    19500929       213.00000       0.028986
   12490    19501031       211.00000      -0.009390
   12490    19501130      -212.25000       0.010664
   12490    19501230       216.00000       0.017668
   12490    19510131       217.50000       0.057292
   12490    19510228       207.50000      -0.041379
   12490    19510331      -203.75000      -0.018072
   12490    19510430       205.00000       0.006135
   12490    19510531       203.50000      -0.002439
   12490    19510629       200.00000      -0.017199
   12490    19510731       214.00000       0.070000
   12490    19510831       221.50000       0.039720
   12490    19510928       217.00000      -0.020316
   12490    19511031       203.00000      -0.064516
   12490    19511130       204.00000       0.009852
   12490    19511231       218.50000       0.071078
   12490    19520131       201.25000      -0.032895
   12490    19520229       190.50000      -0.048447
   12490    19520331       192.00000       0.007874
   12490    19520430       189.50000      -0.013021
   12490    19520529       200.00000       0.060686
   12490    19520630       219.00000       0.095000
   12490    19520731       218.00000      -0.004566
   12490    19520829       215.25000      -0.008028
   12490    19520930       211.00000      -0.019744
   12490    19521031       215.50000       0.021327
   12490    19521128       230.00000       0.071926
   12490    19521231       235.25000       0.073967
   12490    19530130       232.00000      -0.013815
   12490    19530227       237.50000       0.028017
   12490    19530331       241.00000       0.014737
   12490    19530430       229.00000      -0.049793
   12490    19530529       239.50000       0.050218
   12490    19530630      -232.25000      -0.030271
   12490    19530731       240.00000       0.033369
   12490    19530831       238.00000      -0.004167
   12490    19530930       231.00000      -0.029412
   12490    19531030       233.00000       0.008658
   12490    19531130       239.50000       0.032189
   12490    19531231       247.00000       0.057098
   12490    19540129       260.50000       0.054656
   12490    19540226       271.00000       0.044146
   12490    19540331       334.00000       0.232472
   12490    19540430       336.00000       0.005988
   12490    19540528       286.00000       0.067708
   12490    19540630       300.00000       0.048951
   12490    19540730       298.50000      -0.005000
   12490    19540831       283.00000      -0.048576
   12490    19540930       293.00000       0.035336
   12490    19541029       311.50000       0.063140
   12490    19541130       368.50000       0.186196
   12490    19541231       362.00000      -0.017639
   12490    19550131       371.50000       0.026243
   12490    19550228       372.00000       0.004038
   12490    19550331       397.00000       0.067204
   12490    19550429       428.00000       0.078086
   12490    19550531       418.00000      -0.021028
   12490    19550630       415.00000      -0.007177
   12490    19550729      -421.50000       0.015663
   12490    19550831       404.00000      -0.039146
   12490    19550930       397.00000      -0.017327
   12490    19551031       380.00000      -0.042821
   12490    19551130       397.00000       0.047368
   12490    19551230       403.00000       0.040491
   12490    19560131       390.00000      -0.032258
   12490    19560229       409.00000       0.051282
   12490    19560329       495.00000       0.210269
   12490    19560430       530.00000       0.070707
   12490    19560531       429.50000       0.015330
   12490    19560629       489.50000       0.139697
   12490    19560731       515.00000       0.052094
   12490    19560831       484.50000      -0.057282
   12490    19560928       453.00000      -0.065015
   12490    19561031       467.00000       0.030905
   12490    19561130       488.00000       0.047109
   12490    19561231       540.00000       0.106557
   12490    19570131       518.00000      -0.040741
   12490    19570228       508.50000      -0.016409
   12490    19570329       519.50000       0.021632
   12490    19570430       572.00000       0.101059
   12490    19570531       294.50000       0.059732
   12490    19570628       331.00000       0.123939
   12490    19570731       336.50000       0.016616
   12490    19570830       316.00000      -0.059138
   12490    19570930       300.50000      -0.049051
   12490    19571031       298.50000      -0.006656
   12490    19571129       310.00000       0.040536
   12490    19571231       305.00000       0.008468
   12490    19580131       321.50000       0.054098
   12490    19580228       328.50000       0.023795
   12490    19580331       346.00000       0.053272
   12490    19580430       351.00000       0.014451
   12490    19580529       348.75000      -0.004558
   12490    19580630       369.00000       0.058065
   12490    19580731       369.50000       0.001355
   12490    19580829       372.00000       0.008525
   12490    19580930       408.00000       0.096774
   12490    19581031       435.00000       0.066176
   12490    19581128       447.00000       0.029080
   12490    19581231       535.00000       0.226790
   12490    19590130       500.25000      -0.064953
   12490    19590227       529.00000       0.058771
   12490    19590331       543.00000       0.026465
   12490    19590430       586.00000       0.079190
   12490    19590529       470.00000       0.204352
   12490    19590630       448.00000      -0.046809
   12490    19590731       428.00000      -0.044643
   12490    19590831       424.50000      -0.007009
   12490    19590930       411.50000      -0.030624
   12490    19591030       409.00000      -0.006075
   12490    19591130       436.00000       0.067482
   12490    19591231       438.25000       0.005161
   12490    19600129       416.00000      -0.050770
   12490    19600229       418.00000       0.006611
   12490    19600331       439.00000       0.050239
   12490    19600429       452.50000       0.030752
   12490    19600531       504.00000       0.115470
   12490    19600630       522.00000       0.035714
   12490    19600729       524.50000       0.004789
   12490    19600831       536.00000       0.023356
   12490    19600930       516.00000      -0.037313
   12490    19601031       511.00000      -0.009690
   12490    19601130       557.00000       0.091487
   12490    19601230       593.00000       0.064632
   12490    19610131       636.00000       0.072513
   12490    19610228       675.00000       0.062500
   12490    19610330       695.00000       0.029630
   12490    19610428       714.00000       0.027338
   12490    19610531       488.50000       0.027521
   12490    19610630       475.50000      -0.026612
   12490    19610731       487.00000       0.024185
   12490    19610831       519.50000       0.067967
   12490    19610929       538.00000       0.035611
   12490    19611031       587.50000       0.092007
   12490    19611130       580.00000      -0.011745
   12490    19611229       579.00000      -0.001724
   12490    19620131       542.00000      -0.063903
   12490    19620228       537.00000      -0.007841
   12490    19620330       532.75000      -0.007914
   12490    19620430       454.00000      -0.147818
   12490    19620531       392.50000      -0.133811
   12490    19620629       339.25000      -0.135669
   12490    19620731       387.00000       0.140752
   12490    19620831       396.25000       0.025840
   12490    19620928       353.50000      -0.107886
   12490    19621031       346.00000      -0.021216
   12490    19621130       398.50000       0.153902
   12490    19621231       390.00000      -0.021330
   12490    19630131       423.75000       0.086538
   12490    19630228       399.75000      -0.054277
   12490    19630329       421.00000       0.053158
   12490    19630430       463.75000       0.101544
   12490    19630531       477.25000       0.031267
   12490    19630628       436.25000      -0.085909
   12490    19630731       434.50000      -0.004011
   12490    19630830       444.75000       0.025892
   12490    19630930       452.00000       0.016301
   12490    19631031       494.00000       0.092920
   12490    19631129       485.25000      -0.015182
   12490    19631231       507.00000       0.044822
   12490    19640131       542.00000       0.069034
   12490    19640228       569.00000       0.052122
   12490    19640331       594.25000       0.044376
   12490    19640430       570.25000      -0.040387
   12490    19640528       480.00000       0.054910
   12490    19640630       477.00000      -0.006250
   12490    19640731       462.00000      -0.031447
   12490    19640831       440.50000      -0.043831
   12490    19640930       436.50000      -0.009081
   12490    19641030       420.00000      -0.037801
   12490    19641130       412.50000      -0.014881
   12490    19641231       409.50000      -0.007273
   12490    19650129       448.50000       0.095238
   12490    19650226       455.75000       0.019509
   12490    19650331       454.25000      -0.003291
   12490    19650430       485.00000       0.067694
   12490    19650528       478.00000      -0.011340
   12490    19650630       458.00000      -0.041841
   12490    19650730       479.00000       0.045852
   12490    19650831       499.00000       0.044885
   12490    19650930       512.50000       0.027054
   12490    19651029       533.00000       0.040000
   12490    19651130       525.00000      -0.012195
   12490    19651231       499.00000      -0.049524
   12490    19660131       496.00000      -0.006012
   12490    19660228       515.00000       0.041331
   12490    19660331       516.00000       0.001942
   12490    19660429       557.50000       0.080426
   12490    19660531       362.75000      -0.021031
   12490    19660630       350.50000      -0.029680
   12490    19660729       340.75000      -0.027817
   12490    19660831       320.50000      -0.056200
   12490    19660930       317.50000      -0.009360
   12490    19661031       332.00000       0.045669
   12490    19661130       376.00000       0.135843
   12490    19661230       371.50000      -0.011968
   12490    19670131       399.50000       0.075370
   12490    19670228       430.00000       0.079099
   12490    19670331       451.00000       0.048837
   12490    19670428       496.50000       0.100887
   12490    19670531       466.25000      -0.035234
   12490    19670630       497.50000       0.067024
   12490    19670731       507.75000       0.020603
   12490    19670831       499.75000      -0.013589
   12490    19670929       548.25000       0.097049
   12490    19671031       593.50000       0.082535
   12490    19671130       612.00000       0.033024
   12490    19671229       627.00000       0.024510
   12490    19680131       594.50000      -0.051834
   12490    19680229       580.00000      -0.022204
   12490    19680329       612.50000       0.056034
   12490    19680430       677.50000       0.106122
   12490    19680531       357.00000       0.055793
   12490    19680628       353.75000      -0.009104
   12490    19680730       338.75000      -0.042403
   12490    19680830       335.00000      -0.009151
   12490    19680930       335.00000       0.000000
   12490    19681031       307.00000      -0.081642
   12490    19681129       333.75000       0.087134
   12490    19681231       315.00000      -0.056180
   12490    19690131       296.25000      -0.059524
   12490    19690228       293.37500      -0.007004
   12490    19690328       314.00000       0.070303
   12490    19690430       328.00000       0.044586
   12490    19690529       319.00000      -0.025000
   12490    19690630       337.75000       0.058777
   12490    19690731       324.50000      -0.039230
   12490    19690829       345.00000       0.066256
   12490    19690930       345.25000       0.000725
   12490    19691031       360.50000       0.044171
   12490    19691128       357.00000      -0.006935
   12490    19691231       364.50000       0.021008
   12490    19700130       335.25000      -0.080247
   12490    19700227       340.25000       0.018494
   12490    19700331       338.50000      -0.005143
   12490    19700430       298.00000      -0.119645
   12490    19700529       278.00000      -0.063087
   12490    19700630       250.00000      -0.100719
   12490    19700731       252.25000       0.013800
   12490    19700831       266.25000       0.055500
   12490    19700930       291.75000       0.095775
   12490    19701030       294.00000       0.011825
   12490    19701130       307.25000       0.045068
   12490    19701231       317.75000       0.034174
   12490    19710129       325.50000       0.024390
   12490    19710226       336.50000       0.037788
   12490    19710331       357.50000       0.062407
   12490    19710430       357.75000       0.000699
   12490    19710528       327.00000      -0.082320
   12490    19710630       317.00000      -0.030581
   12490    19710730       291.25000      -0.081230
   12490    19710831       304.00000       0.048240
   12490    19710930       303.75000      -0.000822
   12490    19711029       300.50000      -0.010700
   12490    19711130       305.50000       0.020965
   12490    19711231       336.50000       0.101473
   12490    19720131       368.00000       0.093611
   12490    19720229       368.50000       0.005027
   12490    19720330       382.25000       0.037313
   12490    19720428       386.00000       0.009810
   12490    19720531       397.75000       0.033938
   12490    19720630       392.00000      -0.014456
   12490    19720731       400.75000       0.022321
   12490    19720831       408.50000       0.022707
   12490    19720929       406.50000      -0.004896
   12490    19721031       385.50000      -0.051661
   12490    19721130       391.00000       0.017769
   12490    19721229       402.00000       0.028133
   12490    19730131       435.50000       0.083333
   12490    19730228       431.50000      -0.005970
   12490    19730330       431.50000       0.000000
   12490    19730430       408.00000      -0.054461
   12490    19730531       314.75000      -0.032261
   12490    19730629       317.00000       0.007149
   12490    19730731       314.50000      -0.007886
   12490    19730831       301.00000      -0.039364
   12490    19730928       258.00000      -0.142857
   12490    19731031       280.25000       0.086240
   12490    19731130       265.00000      -0.050419
   12490    19731231       246.75000      -0.068868
   12490    19740131       245.25000      -0.006079
   12490    19740228       237.87500      -0.024852
   12490    19740329       235.75000      -0.008933
   12490    19740430       227.25000      -0.036055
   12490    19740531       212.50000      -0.059274
   12490    19740628       212.75000       0.001176
   12490    19740731       201.62500      -0.052291
   12490    19740830       192.00000      -0.040298
   12490    19740930       159.00000      -0.171875
   12490    19741031       189.12500       0.189465
   12490    19741129       177.25000      -0.054858
   12490    19741231       168.00000      -0.052186
   12490    19750131       188.25000       0.120536
   12490    19750228       215.50000       0.152722
   12490    19750331       206.62500      -0.041183
   12490    19750430       209.87500       0.015729
   12490    19750530       215.00000       0.031566
   12490    19750630       209.00000      -0.027907
   12490    19750731       190.25000      -0.089713
   12490    19750829       186.25000      -0.011827
   12490    19750930       188.25000       0.010738
   12490    19751031       212.25000       0.127490
   12490    19751128       226.37500       0.074794
   12490    19751231       224.25000      -0.009387
   12490    19760130       257.75000       0.149387
   12490    19760227       255.62500      -0.001455
   12490    19760331       262.00000       0.024939
   12490    19760430       253.37500      -0.032920
   12490    19760528       256.62500       0.019734
   12490    19760630       276.75000       0.078422
   12490    19760730       272.12500      -0.016712
   12490    19760831       273.62500       0.013780
   12490    19760930       281.37500       0.028323
   12490    19761029       271.75000      -0.034207
   12490    19761130       271.00000       0.005520
   12490    19761231       279.12500       0.029982
   12490    19770131       275.25000      -0.013883
   12490    19770228       276.00000       0.011807
   12490    19770331       276.50000       0.001812
   12490    19770429       258.75000      -0.064195
   12490    19770531       245.50000      -0.041546
   12490    19770630       264.00000       0.075356
   12490    19770729       268.12500       0.015625
   12490    19770831       268.37500       0.010256
   12490    19770930       261.00000      -0.027480
   12490    19771031       257.25000      -0.014368
   12490    19771130       264.00000       0.035957
   12490    19771230       273.50000       0.035985
   12490    19780131       265.50000      -0.029250
   12490    19780228       251.25000      -0.042825
   12490    19780331       235.50000      -0.062687
   12490    19780428       266.00000       0.129512
   12490    19780531       258.25000      -0.018308
   12490    19780630       257.25000      -0.003872
   12490    19780731       281.00000       0.092323
   12490    19780831       291.87500       0.048950
   12490    19780929       277.00000      -0.050964
   12490    19781031       264.25000      -0.046029
   12490    19781130       269.50000       0.030766
   12490    19781229       298.50000       0.107607
   12490    19790131       308.75000       0.034338
   12490    19790228       300.00000      -0.017198
   12490    19790330       315.50000       0.051667
   12490    19790430       314.25000      -0.003962
   12490    19790531       304.00000      -0.021671
   12490    19790629        73.37500      -0.034539
   12490    19790731        69.75000      -0.049404
   12490    19790831        70.00000       0.015914
   12490    19790928        67.75000      -0.032143
   12490    19791031        62.37500      -0.079336
   12490    19791130        65.25000       0.059880
   12490    19791231        64.37500      -0.013410
   12490    19800131        68.62500       0.066019
   12490    19800229        63.50000      -0.062149
   12490    19800331        55.75000      -0.122047
   12490    19800430        54.87500      -0.015695
   12490    19800530        55.37500       0.024784
   12490    19800630        58.75000       0.060948
   12490    19800731        65.25000       0.110638
   12490    19800829        65.50000       0.017011
   12490    19800930        64.12500      -0.020992
   12490    19801031        66.62500       0.038986
   12490    19801128        68.12500       0.035422
   12490    19801231        67.87500      -0.003670
   12490    19810130        64.37500      -0.051565
   12490    19810227        64.25000       0.011417
   12490    19810331        62.37500      -0.029183
   12490    19810430        58.62500      -0.060120
   12490    19810529        58.75000       0.016802
   12490    19810630        57.87500      -0.014894
   12490    19810731        56.12500      -0.030238
   12490    19810831        55.12500      -0.002494
   12490    19810930        54.12500      -0.018141
   12490    19811030        51.50000      -0.048499
   12490    19811130        54.50000       0.074951
   12490    19811231        56.87500       0.043578
   12490    19820129        63.62500       0.118681
   12490    19820226        61.87500      -0.013988
   12490    19820331        59.75000      -0.034343
   12490    19820430        64.25000       0.075314
   12490    19820528        61.50000      -0.029416
   12490    19820630        60.62500      -0.014228
   12490    19820730        65.62500       0.082474
   12490    19820831        70.50000       0.087390
   12490    19820930        73.37500       0.040780
   12490    19821029        79.87500       0.088586
   12490    19821130        86.50000       0.093709
   12490    19821231        96.25000       0.112717
   12490    19830131        98.87500       0.027273
   12490    19830228        99.00000       0.009962
   12490    19830331       101.75000       0.027778
   12490    19830429       117.00000       0.149877
   12490    19830531       111.25000      -0.041026
   12490    19830630       120.25000       0.080899
   12490    19830729       120.37500       0.001040
   12490    19830831       119.50000       0.000623
   12490    19830930       126.87500       0.061715
   12490    19831031       126.75000      -0.000985
   12490    19831130       117.37500      -0.066469
   12490    19831230       122.00000       0.039404
   12490    19840131       114.12500      -0.064549
   12490    19840229       110.25000      -0.025630
   12490    19840330       114.00000       0.034014
   12490    19840430       113.75000      -0.002193
   12490    19840531       107.75000      -0.044396
   12490    19840629       105.75000      -0.018561
   12490    19840731       110.75000       0.047281
   12490    19840831       123.75000       0.127314
   12490    19840928       124.25000       0.004040
   12490    19841031       124.62500       0.011871
   12490    19841130       121.75000      -0.023069
   12490    19841231       123.12500       0.011294
   12490    19850131       136.37500       0.107614
   12490    19850228       134.00000      -0.009349
   12490    19850329       127.00000      -0.052239
   12490    19850430       126.50000      -0.003937
   12490    19850531       128.62500       0.025494
   12490    19850628       123.75000      -0.037901
   12490    19850731       131.37500       0.061616
   12490    19850830       126.62500      -0.027783
   12490    19850930       123.87500      -0.021718
   12490    19851031       129.87500       0.048436
   12490    19851129       139.75000       0.084504
   12490    19851231       155.50000       0.112701
   12490    19860131       151.50000      -0.025723
   12490    19860228       150.87500       0.003135
   12490    19860331       151.50000       0.004143
   12490    19860430       156.25000       0.031353
   12490    19860530       152.37500      -0.017760
   12490    19860630       146.50000      -0.038556
   12490    19860731       132.50000      -0.095563
   12490    19860829       138.75000       0.055472
   12490    19860930       134.50000      -0.030631
   12490    19861031       123.62500      -0.080855
   12490    19861128       127.12500       0.037209
   12490    19861231       120.00000      -0.056047
   12490    19870130       128.75000       0.072917
   12490    19870227       139.50000       0.092039
   12490    19870331       150.12500       0.076165
   12490    19870430       160.12500       0.066611
   12490    19870529       160.00000       0.006089
   12490    19870630       162.50000       0.015625
   12490    19870731       161.00000      -0.009231
   12490    19870831       168.37500       0.052640
   12490    19870930       150.75000      -0.104677
   12490    19871030       122.50000      -0.187396
   12490    19871130       110.75000      -0.086939
   12490    19871231       115.50000       0.042889
   12490    19880129       112.37500      -0.027056
   12490    19880229       117.50000       0.055395
   12490    19880331       107.62500      -0.084043
   12490    19880429       113.37500       0.053426
   12490    19880531       112.50000       0.001985
   12490    19880630       127.37500       0.132222
   12490    19880729       125.75000      -0.012758
   12490    19880831       111.50000      -0.104573
   12490    19880930       115.37500       0.034753
   12490    19881031       122.62500       0.062839
   12490    19881130       118.50000      -0.024669
   12490    19881230       121.87500       0.028481
   12490    19890131       130.62500       0.071795
   12490    19890228       121.50000      -0.061435
   12490    19890331       109.12500      -0.101852
   12490    19890428       114.00000       0.044674
   12490    19890531       109.62500      -0.027763
   12490    19890630       111.87500       0.020525
   12490    19890731       115.00000       0.027933
   12490    19890831       117.12500       0.029000
   12490    19890929       109.25000      -0.067236
   12490    19891031       100.25000      -0.082380
   12490    19891130        97.62500      -0.014115
   12490    19891229        94.12500      -0.035851
   12490    19900131        98.62500       0.047809
   12490    19900228       103.87500       0.065501
   12490    19900330       106.12500       0.021661
   12490    19900430       109.00000       0.027091
   12490    19900531       120.00000       0.112018
   12490    19900629       117.50000      -0.020833
   12490    19900731       111.50000      -0.051064
   12490    19900831       101.87500      -0.075471
   12490    19900928       106.37500       0.044172
   12490    19901031       105.37500      -0.009401
   12490    19901130       113.62500       0.089775
   12490    19901231       113.00000      -0.005501
   12490    19910131       126.75000       0.121681
   12490    19910228       128.75000       0.025325
   12490    19910328       113.87500      -0.115534
   12490    19910430       103.00000      -0.095499
   12490    19910531       106.12500       0.042087
   12490    19910628        97.12500      -0.084806
   12490    19910731       101.25000       0.042471
   12490    19910830        96.87500      -0.031259
   12490    19910930       103.62500       0.069677
   12490    19911031        98.25000      -0.051870
   12490    19911129        92.50000      -0.046209
   12490    19911231        89.00000      -0.037838
   12490    19920131        90.00000       0.011236
   12490    19920228        86.87500      -0.021278
   12490    19920331        83.50000      -0.038849
   12490    19920430        90.75000       0.086826
   12490    19920529        90.75000       0.013333
   12490    19920630        97.87500       0.078512
   12490    19920731        94.75000      -0.031928
   12490    19920831        86.62500      -0.072982
   12490    19920930        80.75000      -0.067821
   12490    19921030        66.87500      -0.171827
   12490    19921130        68.25000       0.038654
   12490    19921231        50.37500      -0.261905
   12490    19930129        51.50000       0.022333
   12490    19930226        54.37500       0.066311
   12490    19930331        50.87500      -0.064368
   12490    19930430        48.62500      -0.044226
   12490    19930528        52.75000       0.095938
   12490    19930630        49.37500      -0.063981
   12490    19930730        44.50000      -0.098734
   12490    19930831        45.75000       0.033708
   12490    19930930        42.00000      -0.081967
   12490    19931029        46.00000       0.095238
   12490    19931130        53.87500       0.176630
   12490    19931231        56.50000       0.048724
   12490    19940131        56.50000       0.000000
   12490    19940228        52.87500      -0.059735
   12490    19940331        54.62500       0.033097
   12490    19940429        57.50000       0.052632
   12490    19940531        63.00000       0.100000
   12490    19940630        58.75000      -0.067460
   12490    19940729        61.87500       0.053191
   12490    19940831        68.50000       0.111111
   12490    19940930        69.62500       0.016423
   12490    19941031        74.50000       0.070018
   12490    19941130        70.75000      -0.046980
   12490    19941230        73.50000       0.038869
   12490    19950131        72.12500      -0.018707
   12490    19950228        75.25000       0.046794
   12490    19950331        82.12500       0.091362
   12490    19950428        94.62500       0.152207
   12490    19950531        93.00000      -0.014531
   12490    19950630        96.00000       0.032258
   12490    19950731       108.87500       0.134115
   12490    19950831       103.37500      -0.048220
   12490    19950929        94.50000      -0.085852
   12490    19951031        97.25000       0.029101
   12490    19951130        96.62500      -0.003856
   12490    19951229        91.37500      -0.054334
   12490    19960131       108.50000       0.187414
   12490    19960229       122.62500       0.132488
   12490    19960329       111.25000      -0.092762
   12490    19960430       107.75000      -0.031461
   12490    19960531       106.75000      -0.006032
   12490    19960628        99.00000      -0.072600
   12490    19960731       107.50000       0.085859
   12490    19960830       114.37500       0.067209
   12490    19960930       124.50000       0.088525
   12490    19961031       129.00000       0.036145
   12490    19961129       159.37500       0.238178
   12490    19961231       151.50000      -0.049412
   12490    19970131       156.87500       0.035479
   12490    19970228       143.75000      -0.081434
   12490    19970331       137.25000      -0.045217
   12490    19970430       160.50000       0.169399
   12490    19970530        86.50000       0.080374
   12490    19970630        90.25000       0.043353
   12490    19970731       105.75000       0.171745
   12490    19970829       101.37500      -0.039480
   12490    19970930       106.00000       0.045623
   12490    19971031        98.50000      -0.070755
   12490    19971128       109.50000       0.113706
   12490    19971231       104.62500      -0.044521
   12490    19980130        98.75000      -0.056153
   12490    19980227       104.43750       0.059620
   12490    19980331       103.87500      -0.005386
   12490    19980430       115.87500       0.115523
   12490    19980529       117.50000       0.015922
   12490    19980630       114.81250      -0.022872
   12490    19980731       132.50000       0.154056
   12490    19980831       112.62500      -0.148340
   12490    19980930       128.50000       0.140954
   12490    19981030       148.50000       0.155642
   12490    19981130       165.12500       0.113434
   12490    19981231       184.37500       0.116578
   12490    19990129       183.25000      -0.006102
   12490    19990226       169.75000      -0.072469
   12490    19990331       177.25000       0.044183
   12490    19990430       209.18750       0.180183
   12490    19990528       116.00000       0.110200
   12490    19990630       129.25000       0.114224
   12490    19990730       125.68750      -0.027563
   12490    19990831       124.56250      -0.007996
   12490    19990930       121.00000      -0.028600
   12490    19991029        98.25000      -0.188017
   12490    19991130       103.06250       0.050204
   12490    19991231       107.87500       0.046695
   12490    20000131       112.25000       0.040556
   12490    20000229       102.75000      -0.083563
   12490    20000331       118.00000       0.148418
   12490    20000428       111.50000      -0.055085
   12490    20000531       107.37500      -0.035830
   12490    20000630       109.56250       0.020373
   12490    20000731       112.43750       0.026241
   12490    20000831       132.00000       0.175142
   12490    20000929       112.50000      -0.147727
   12490    20001031        98.50000      -0.124444
   12490    20001130        93.50000      -0.049442
   12490    20001229        85.00000      -0.090909
   12490    20010131       112.00000       0.317647
   12490    20010228        99.90000      -0.106875
   12490    20010330        96.18000      -0.037237
   12490    20010430       115.14000       0.197130
   12490    20010531       111.80000      -0.027792
   12490    20010629       113.00000       0.010733
   12490    20010731       105.21000      -0.068938
   12490    20010831        99.95000      -0.048665
   12490    20010928        91.72000      -0.082341
   12490    20011031       108.07000       0.178260
   12490    20011130       115.59000       0.070880
   12490    20011231       120.96000       0.046457
   12490    20020131       107.89000      -0.108052
   12490    20020228        98.12000      -0.089258
   12490    20020328       104.00000       0.059927
   12490    20020430        83.76000      -0.194615
   12490    20020531        80.45000      -0.037727
   12490    20020628        72.00000      -0.105034
   12490    20020731        70.40000      -0.022222
   12490    20020830        75.38000       0.072869
   12490    20020930        58.31000      -0.226453
   12490    20021031        78.94000       0.353799
   12490    20021129        86.92000       0.102990
   12490    20021231        77.50000      -0.108375
   12490    20030131        78.20000       0.009032
   12490    20030228        77.95000      -0.001279
   12490    20030331        78.43000       0.006158
   12490    20030430        84.90000       0.082494
   12490    20030530        88.04000       0.038869
   12490    20030630        82.50000      -0.062926
   12490    20030731        81.25000      -0.015152
   12490    20030829        82.01000       0.011323
   12490    20030930        88.33000       0.077064
   12490    20031031        89.48000       0.013019
   12490    20031128        90.54000       0.013634
   12490    20031231        92.68000       0.023636
   12490    20040130        99.23000       0.070673
   12490    20040227        96.50000      -0.025899
   12490    20040331        91.84000      -0.048290
   12490    20040430        88.17000      -0.039961
   12490    20040528        88.59000       0.006805
   12490    20040630        88.15000      -0.004967
   12490    20040730        87.07000      -0.012252
   12490    20040831        84.69000      -0.025267
   12490    20040930        85.74000       0.012398
   12490    20041029        89.75000       0.046769
   12490    20041130        94.24000       0.052033
   12490    20041231        98.58000       0.046053
   12490    20050131        93.42000      -0.052343
   12490    20050228        92.58000      -0.007065
   12490    20050331        91.38000      -0.012962
   12490    20050429        76.38000      -0.164150
   12490    20050531        75.55000      -0.008248
   12490    20050630        74.20000      -0.017869
   12490    20050729        83.46000       0.124798
   12490    20050831        80.62000      -0.031632
   12490    20050930        80.22000      -0.004962
   12490    20051031        81.88000       0.020693
   12490    20051130        88.90000       0.088178
   12490    20051230        82.20000      -0.075366
   12490    20060131        81.30000      -0.010949
   12490    20060228        80.24000      -0.010578
   12490    20060331        82.47000       0.027792
   12490    20060428        82.34000      -0.001576
   12490    20060531        79.90000      -0.025990
   12490    20060630        76.82000      -0.038548
   12490    20060731        77.41000       0.007680
   12490    20060831        80.97000       0.049864
   12490    20060929        81.94000       0.011980
   12490    20061031        92.33000       0.126800
   12490    20061130        91.92000      -0.001191
   12490    20061229        97.15000       0.056897
   12490    20070131        99.15000       0.020587
   12490    20070228        92.94000      -0.059607
   12490    20070330        94.26000       0.014203
   12490    20070430       102.21000       0.084341
   12490    20070531       106.60000       0.046864
   12490    20070629       105.25000      -0.012664
   12490    20070731       110.65000       0.051306
   12490    20070831       116.69000       0.058202
   12490    20070928       117.80000       0.009512
   12490    20071031       116.12000      -0.014261
   12490    20071130       105.18000      -0.090768
   12490    20071231       108.10000       0.027762
   12490    20080131       107.11000      -0.009158
   12490    20080229       113.86000       0.066754
   12490    20080331       115.14000       0.011242
   12490    20080430       120.70000       0.048289
   12490    20080530       129.42999       0.076471
   12490    20080630       118.53000      -0.084215
   12490    20080731       127.98000       0.079727
   12490    20080829       121.73000      -0.044929
   12490    20080930       116.96000      -0.039185
   12490    20081031        92.97000      -0.205113
   12490    20081128        81.60000      -0.116919
   12490    20081231        84.16000       0.031373
   12490    20090130        91.65000       0.088997
   12490    20090227        92.03000       0.009602
   12490    20090331        96.89000       0.052809
   12490    20090430       103.21000       0.065229
   12490    20090529       106.28000       0.035074
   12490    20090630       104.42000      -0.017501
   12490    20090731       117.93000       0.129381
   12490    20090831       118.05000       0.005681
   12490    20090930       119.61000       0.013215
   12490    20091030       120.61000       0.008361
   12490    20091130       126.35000       0.052152
   12490    20091231       130.89999       0.036011
   12490    20100129       122.39000      -0.065011
   12490    20100226       127.16000       0.043468
   12490    20100331       128.25000       0.008572
   12490    20100430       129.00000       0.005848
   12490    20100528       125.26000      -0.023953
   12490    20100630       123.48000      -0.014210
   12490    20100730       128.39999       0.039844
   12490    20100831       123.13000      -0.035981
   12490    20100930       134.14000       0.089418
   12490    20101029       143.60001       0.070523
   12490    20101130       141.46001      -0.010376
   12490    20101231       146.75999       0.037466
   12490    20110131       162.00000       0.103843
   12490    20110228       161.88000       0.003272
   12490    20110331       163.07001       0.007351
   12490    20110429       170.58000       0.046054
   12490    20110531       168.92999      -0.005276
   12490    20110630       171.55000       0.015509
   12490    20110729       181.85001       0.060041
   12490    20110831       171.91000      -0.050536
   12490    20110930       174.87000       0.017218
   12490    20111031       184.63000       0.055813
   12490    20111130       188.00000       0.022315
   12490    20111230       183.88000      -0.021915
