192607   1.43  15.61   4.60  -1.17   2.90   0.83  -2.81   1.64   7.10   2.12
192608   4.00   3.64   2.79   3.31   2.66   2.17  -0.54   4.51  -1.74   4.36
192609   1.20   4.88   1.22  -3.37  -0.38   2.41   0.14   0.61   1.96   0.29
192610  -1.34  -8.22  -3.61  -0.78  -4.58  -0.11  -5.31  -0.73  -2.67  -2.85
192611   5.15  -0.20   4.14  -0.01   4.71   1.63   4.05   5.53   3.76   2.13
192612   0.84   9.91   3.70   2.81  -0.02   1.99   2.89   0.15  -0.12   3.39
192701  -0.64  -0.91  -0.06   1.20  -1.14   1.88  -3.19   4.91  -1.78   1.52
192702   3.37   8.88   5.80   1.42   4.45   3.97   4.55   1.65   4.57   5.04
192703   2.71   1.65   1.47  -5.95   1.45   5.56   2.85   0.88   0.44   1.26
192704   3.31   3.17   0.78  -5.11   5.40  -2.13   2.21   3.25   1.65   0.90
192705   8.17   5.92   5.09   4.80   7.37   3.35   0.63   4.01   9.31   6.40
192706  -1.74  -2.95  -2.79  -3.20   3.28  -2.14   0.21   0.45  -3.64  -2.10
192707   4.81  13.13  12.08   2.90  11.89   3.73   9.46   9.84   5.31   6.18
192708   2.74   7.02   2.89   0.00   5.79   0.43  13.08   0.28   3.43  -1.21
192709   5.31   5.73   4.76   3.33   1.42   6.53   5.12   5.65   8.29   4.75
192710  -0.81  -4.38  -6.69  -2.06  -7.19  -2.09  -6.01   5.13  -4.34  -3.80
192711   6.78   6.35  10.84   4.15  10.62   2.83  10.92   3.68   6.32   4.53
192712   2.47   7.78   3.05   0.89   1.18   1.33  -0.18  -0.46   2.24   1.99
192801   0.57  -3.34  -0.55  -1.86  -0.40   0.30  -0.56   2.69   5.87  -1.17
192802  -3.99   1.28  -1.90  -0.21  -0.45  -0.30  -1.67  -1.38  -0.68  -1.94
192803   4.36  27.63   8.21   5.37  19.22   1.96   8.78  10.54   6.62   6.05
192804  -0.45   1.42   1.49  15.12   2.23   3.22   0.52   2.35  10.94   4.09
192805   0.88   5.64   3.50  -5.26   2.57   6.61   3.97   9.27   1.51   0.09
192806  -4.35  -4.04  -4.91  -4.05  -5.13  -5.22  -4.10  -3.15  -3.43  -4.23
192807   1.84   0.87   2.00   0.98   0.63  -1.28   4.85   2.68  -1.15  -0.32
192808   5.95   9.06   8.60   2.38  10.06   4.55  11.68  15.11   6.46   4.77
192809   1.22   7.78   4.14   5.21   0.73   0.15   1.54  -1.50   3.35   1.94
192810   0.79   0.14   4.32   1.91   1.82   2.97   4.05  -0.08  -1.64  -0.32
192811   6.57   4.47  13.11  17.29  19.67   6.68  14.19   5.05  21.98  10.06
192812  -0.46  -1.25   3.04  -4.34   7.14  -0.38  -1.42  -0.28   1.52   0.47
192901   3.46   1.27  11.04  -7.68  10.44  13.38  -4.30   3.25  12.96   5.67
192902  -2.53  -0.11   3.37  -0.03  -0.72  -1.15  -2.51  -0.16  -2.10  -0.05
192903  -4.51  -1.83  -1.81  11.04   4.60   4.29  -5.76  -1.93  -3.10  -2.21
192904   1.85  -1.02   2.40   0.74   1.67   3.39   3.03   1.55   5.26   0.57
192905  -3.97 -15.03  -9.75  -5.55   0.46  -8.77  -7.35  -7.67   5.17   0.09
192906   5.32   6.93  13.29   1.14  17.04  13.70   8.03   4.13  23.43   5.81
192907   3.21  -2.91   4.13   0.36   9.15  13.69  -0.01   2.87   9.34   6.64
192908   4.81   3.03   9.48  11.64  12.35  10.99   7.07   4.04   9.23   7.89
192909  -3.68  -8.35  -7.25  -2.85  -7.49  -1.35  -4.57  -6.98   1.55  -6.47
192910 -10.36 -28.90 -19.50  -9.84 -27.79 -15.41 -23.88 -18.02 -29.86 -11.84
192911  -8.30 -17.30 -14.04  -6.29 -19.23  -9.47 -12.37  -8.53 -14.66  -9.62
192912   0.76   4.90   1.60  -0.97  11.02   1.00  -3.00   1.40   7.95  -0.40
193001   5.63   5.88   6.84  -0.91  10.42   1.19   3.41   2.24   7.21   4.56
193002   2.29   2.43   2.24  -4.47   7.63   7.06  -5.70   2.88   8.43   3.38
193003   2.25  11.43   6.88  17.48   8.28   8.83  -1.79   5.90   9.43   4.92
193004   0.60  -7.77  -7.48   6.66   2.10  -4.52   0.97   0.05   3.38  -6.56
193005   1.45   4.16  -1.84  -3.55  -4.36   0.40  -0.26  -1.22  -1.20  -0.94
193006 -11.05 -22.24 -16.45 -15.21 -19.65  -8.34 -15.09 -13.21 -19.06 -11.87
193007   3.11  12.09   4.77   5.12   4.07   1.27   3.15   6.12   1.82   3.56
193008   2.03  -1.90  -0.08  -3.19   2.23   1.74   4.36   8.08   1.59  -0.30
193009  -8.98 -16.71 -13.69 -15.46 -18.21  -5.26  -9.70  -8.71 -12.04 -10.37
193010  -4.79 -11.61  -9.98  -8.18 -17.31  -4.11  -8.62  -4.66  -8.71  -8.40
193011   0.14   5.45  -0.45  -3.74  -3.27  -3.28   2.82  -3.08  -8.07  -5.26
193012  -4.61  -1.25  -8.22 -12.23 -10.67  -3.80 -12.86  -7.30  -3.63  -8.87
193101   5.43   8.00   3.40   5.22   5.15   4.79   5.94   7.96   6.15  11.87
193102   6.85  17.38  12.92   5.60  22.37   5.95  16.13   8.59  15.44   5.43
193103  -1.74  -3.78  -6.77 -14.19  -7.58  -3.58  -4.51   1.81  -3.26  -9.55
193104  -5.11  -7.83 -14.14 -13.40 -12.93  -4.24  -4.49  -3.69  -9.95  -9.74
193105 -10.91 -16.11 -16.33 -12.51 -12.89  -8.94  -4.16  -9.97 -10.78 -17.58
193106  10.93  14.59  17.40  17.54  18.54  10.20   7.01   9.58  12.12  16.37
193107  -3.59  -2.02 -10.26  -3.32 -10.22  -4.88  -1.06   3.18  -5.21  -9.89
193108  -0.64  -2.74  -0.13   8.92   3.78   0.82   2.17   0.03  -1.99  -4.11
193109 -24.48 -34.78 -29.80 -25.98 -33.83 -21.56 -28.63 -29.95 -32.96 -26.25
193110   6.77  12.91   6.19  13.27  11.36   4.36  12.61  11.06  10.44   1.26
193111  -4.32  -3.48  -8.29 -10.06 -14.14  -6.83  -7.48  -2.45  -4.66 -18.61
193112  -9.71  -8.77 -15.39 -17.58 -13.34  -7.93 -13.58  -4.11 -13.29 -16.43
193201   2.04  -6.89  -0.52  -4.30 -11.55  -4.04   0.25  -3.00  -2.52   6.80
193202   5.31   2.18   6.09   7.81   6.23  11.63   3.22   2.80   6.98  -0.32
193203  -5.82 -22.22 -14.28  -0.60 -14.38  -9.90  -8.31  -6.87  -9.51 -15.90
193204 -11.28 -29.42 -23.08 -12.20 -24.12 -12.38 -14.65 -19.91 -15.59 -22.28
193205 -21.26 -18.56 -18.04  -7.55 -28.70 -10.80 -30.15 -34.74 -26.83 -29.99
193206   1.50  -7.91  -2.67   5.10   7.10  -9.55  -2.62  10.43   1.54  -2.08
193207  24.09  44.86  41.72  33.50  44.09  16.67  27.41  29.95  29.18  55.52
193208  22.28  45.16  46.29  17.23  45.34  28.16  34.57  37.46  43.16  58.74
193209  -0.63   8.43  -2.55 -10.96  -5.60   0.25   0.45 -12.86  -4.61  -4.05
193210 -11.26 -24.70 -15.83  -3.60 -18.97  -8.12 -11.37 -19.42 -10.88 -17.90
193211  -7.10  -2.70 -10.37  -2.80  -8.23  -1.12  -5.16   6.32  -3.38  -6.96
193212   3.44   4.41   3.33   0.16   7.64   3.67   6.81   8.11   9.11   4.91
193301   4.85   0.82   3.30  -2.37   1.47   0.30  -2.53  -1.30  -4.46   8.79
193302  -8.87 -24.36 -17.52 -13.01 -20.08  -7.78 -15.86 -10.12 -19.69 -16.35
193303  10.46   9.10  11.26   3.96   6.19  -5.83   7.75  -3.94 -12.68   4.00
193304  34.41  79.71  57.42  32.57  53.43  13.19  37.05  38.66  24.76  30.17
193305  12.72  26.01  25.96  17.30  19.53  17.37  16.28  24.87  19.26  31.35
193306  10.70  20.84  12.44  12.50  10.76  10.48  16.34  10.85  15.60  14.35
193307  -6.61  -6.94 -11.33 -11.56 -10.93  -4.35 -13.65 -19.43 -13.54  -6.59
193308   9.90  20.80  16.23  18.38  12.76   4.50   7.31  -0.29  -1.30  14.59
193309  -7.59 -15.28  -9.99  -2.14 -17.15  -3.55  -8.69  -1.32 -19.82 -16.47
193310  -8.73 -10.00  -7.94  -4.83  -9.68  -7.18  -8.60  -5.91  -7.75 -10.84
193311   4.89  25.35  12.78  14.28  12.66   5.61  13.95   9.40  -2.68   5.36
193312  -3.39  10.35   4.64  -1.10   1.43  -3.75   6.19 -11.19   1.48   4.90
193401  10.48  13.13  10.97   9.29  15.84   5.96  21.17  16.23  20.58  18.58
193402  -4.72  -2.07  -3.03  -3.07  -6.42   2.14   2.68  -3.41  -1.81  -1.88
193403   0.95  -0.34  -1.26  -1.56   3.24   1.27   3.36  -0.75  -1.80   0.76
193404   3.17  -6.80  -2.75  -2.18  -2.26  -1.25  -0.49   8.35  -3.84  -1.55
193405  -2.77 -12.75 -10.01  -4.04  -6.58  -4.30  -7.26  -0.29  -7.84  -7.27
193406   3.85  -2.66   4.32   1.17   2.60   1.32   2.17   2.07   4.40   3.15
193407  -5.14 -13.72 -11.44 -10.11 -11.84  -4.33  -7.32  -1.85 -17.45 -17.18
193408   4.34  10.84   7.55   6.93   6.51   2.55   6.37  -3.03   1.91   4.33
193409   0.13   0.69  -1.17  -1.98  -0.29   1.90   1.07   0.64   1.67  -0.35
193410   0.59  -2.08  -0.36  -5.18  -0.99  -1.58   1.23  -0.94  -7.79  -2.11
193411   8.45  17.67  12.60   7.52  13.46  -1.73  10.42   3.83  -0.22   5.71
193412  -0.84   3.49   2.25   0.69   3.70  -0.59  -1.16   0.63  -8.72  -0.11
193501  -1.40  -9.01  -2.39  -4.17   1.22  -0.45  -4.36  -0.92  -3.06  -6.67
193502   1.67  -3.28  -1.72  -2.93   0.17   1.04  -1.31   4.40 -12.04  -4.53
193503  -4.60  -5.84  -4.79  -3.72  -4.14  -0.70  -4.99  -3.24  12.23  -5.43
193504   5.66   5.68   8.94  14.78  10.19   9.14   6.22   3.57  10.92   8.78
193505   1.11   3.02   1.85   3.68   2.76   8.38   3.36  -4.31  13.67   3.75
193506   5.51   9.65   6.51   1.32   7.68   5.36   3.91   4.06   9.10   6.27
193507   3.08  19.03  10.71   0.48   9.60   5.74   6.56   3.90   9.41   7.31
193508  -1.64   8.95   3.14  -2.05   3.24   4.06   3.62   0.12   7.20   3.29
193509   1.58  10.99   4.21  -3.21   7.67   4.29  -0.21   1.33  -1.65   0.57
193510   4.61  13.63   5.84  13.18   8.74   3.09   4.37   6.11  14.60   2.36
193511   1.10   3.54   4.41   2.61   5.82   9.71   2.71   1.69   0.82  13.23
193512   2.00   5.74   3.64  14.34   3.38  -0.16  -0.87   2.53   5.61   4.26
193601   3.17   3.88   5.53  12.94   6.45   4.17  -3.95   3.66  12.64  12.00
193602   0.66   3.66   5.74   1.26   0.28   6.56   0.50   3.19  -6.41   2.93
193603  -2.08  10.20   2.48   1.70   0.00  -3.36   2.07   3.78   0.70  -2.95
193604  -4.44 -10.13  -8.93  -9.08  -8.72  -5.65  -4.17  -9.08  -8.35  -7.27
193605   4.93   4.05   6.30  -0.48   5.34   6.45   3.58   4.87   9.60   7.53
193606   2.28   6.87   1.21   1.64   1.43   2.42   6.83   1.36   3.69   1.78
193607   3.03   4.88   7.62   4.75  12.15   2.44   4.50   4.92  11.80   9.55
193608   0.76  -0.31   1.63  -0.67   2.53   1.76   2.36  -1.47  -1.08   1.80
193609  -0.73   3.25   2.07   1.37  -1.29   0.35   6.18   0.73  -2.20   0.92
193610   3.31   5.12   7.68  12.53   5.70   5.08   9.39   3.75   5.76   8.13
193611   4.34  -1.42   5.51   1.49   5.46   3.87  11.00   3.36  -3.15   0.46
193612  -1.18  -7.17   1.82   9.24   2.59  -0.39  -8.54  -2.02  -1.73  -1.21
193701   2.42   7.29   4.60   2.41   8.69  -0.85   0.60   3.31   2.24   1.05
193702   0.99  -0.44   2.65   1.46  -1.39  -3.05   2.44  -3.90  -4.23   4.69
193703  -0.91  -4.12   1.41   3.47  -4.48  -2.09  -3.58  -5.02  -6.33   2.62
193704  -6.38  -7.95  -9.09  -5.26  -7.58  -5.23  -6.11  -3.34  -7.31  -6.71
193705  -0.40  -1.99   1.02  -0.21   0.66   1.52  -6.52   1.70  -5.27  -3.37
193706  -3.27 -10.74  -3.65  -2.64  -1.37   1.40  -1.80  -4.04  -5.27  -8.94
193707   4.97  13.14   9.29   8.05   9.52   3.27  10.00   4.13  19.31   8.67
193708  -2.45  -2.23  -4.42  -6.46  -4.80  -2.54  -5.11   1.12 -10.26  -8.41
193709  -9.32 -12.63 -17.45 -12.94 -14.00  -2.08 -12.85 -10.77 -11.70 -15.86
193710  -7.01 -12.89 -13.84  -6.86  -7.23  -5.36  -6.09  -3.58  -4.94 -10.16
193711  -5.89 -15.15  -9.29 -11.28  -4.37  -3.59 -14.73  -5.14   2.92  -6.78
193712  -2.25 -16.24  -2.27  -1.19  -2.17  -1.53  -6.32  -2.07 -10.56  -6.57
193801   2.84  10.98  -1.34   0.46  -2.55  -2.44   6.98   3.52  -5.65   0.49
193802   3.59   3.51   8.52   9.15   4.20  -2.33   8.43   8.69   3.60   4.87
193803 -15.83 -27.28 -25.65 -24.56 -27.70 -17.43 -20.58 -14.37 -19.46 -29.74
193804  12.51  14.88  13.75  14.47  16.76  13.47  15.53  11.73  14.64  14.46
193805  -0.28  -6.95  -6.86  -5.70  -3.00   0.83  -3.96   1.71   2.36  -3.92
193806  13.11  35.91  33.02  21.52  27.33  12.41  22.42   9.97  16.83  24.88
193807   6.60  19.81   6.76   7.14   5.73   1.28   9.35   5.73   0.74   9.92
193808  -3.99   6.10  -1.88  -8.65  -1.11   0.29  -2.86   0.37  -5.52  -3.82
193809   0.53   0.73   1.69   0.85   1.70   0.85  -0.62  -0.03   1.23  -1.28
193810   5.14   6.48  10.48  -1.56  10.03   3.56   7.70   5.52  21.09  11.28
193811  -2.52  -1.16  -1.49  -0.06  -4.48   0.66  -0.71   1.46  -7.00  -2.00
193812   2.80   2.11   5.53   4.90   3.12   2.57   0.18   0.86   3.98   6.40
193901  -1.88  -8.36  -9.25  -6.27  -7.49   1.81  -2.73  -0.93   1.29  -8.74
193902   2.53   7.07   2.98  -1.17   2.80   3.53   5.52   3.73   8.75   4.74
193903  -5.81 -17.60 -15.36  -8.31 -15.04  -2.20  -9.02  -4.36 -13.53 -15.15
193904   0.61   0.68  -1.38  -1.06  -2.68   2.75  -0.27   0.97   2.91  -1.85
193905   5.51   7.91   7.55   2.59   8.27   5.56  10.86   5.48   6.46   8.07
193906  -2.10  -6.72  -6.28  -6.11  -8.02  -3.79  -2.65   1.19  -3.53  -7.70
193907   6.21  17.51  12.81   3.09  14.09   6.50   9.00   3.05  12.64  11.55
193908  -7.31  -6.91  -6.67  -3.82  -8.00  -4.18  -6.59  -5.38  -6.06  -9.93
193909   4.81  23.61  26.86  26.08  12.35   2.35   0.03   7.03   3.60  25.76
193910   3.24  -1.36  -2.67  -3.85  -0.97   3.06   6.17   0.19   2.16  -1.63
193911  -0.50  -2.87  -5.88  -6.45  -2.58   0.98  -2.63   1.22  -1.43  -4.99
193912   3.17   3.85   3.95  -0.05   3.73   2.87   4.11   3.80   2.96   2.33
194001   1.69  -3.89  -4.61  -2.08  -4.27  -0.11  -0.98  -1.82  -0.02  -2.66
194002   0.91   2.06   2.72   0.89  -0.64   1.04   1.15   1.50  -1.24   0.85
194003   1.59   3.77   1.53   1.60   3.12   1.16   3.57   1.89   1.70   2.64
194004   1.81  -0.54   0.78   0.07  -1.40   0.33   0.38  -0.31  -1.36  -0.81
194005 -20.85 -26.04 -22.16 -24.16 -20.74 -14.13 -23.45 -21.25 -19.86 -23.87
194006   5.31   8.68   4.31   5.32   3.03   8.72   8.11   4.94  17.42   8.55
194007  -0.07   5.91   4.28   3.21   5.00   1.97   4.72  -0.53   0.11   3.42
194008   1.32   7.38   2.48   1.36   3.27  -0.36   2.45  -2.29  -1.02   2.88
194009   2.52   3.16   4.17  -2.11   4.15   1.66   3.03   4.65  -2.16   2.49
194010  -1.51   3.93   3.99   6.21   2.42   1.61   0.39  -3.05   3.93   5.25
194011  -0.91  -0.60  -1.50   0.78  -2.75   0.61  -1.80  -1.83 -13.06  -0.14
194012   0.58  -3.32   1.19   2.48  -0.08   2.05   0.54  -0.22   1.75   0.26
194101  -0.46  -9.22  -7.01  -2.12  -2.59  -2.10  -3.37  -2.21  -2.10  -1.58
194102  -2.50   1.32  -2.05  -0.69  -0.38  -2.23  -4.00  -4.72  -1.16  -0.32
194103   0.63  -1.74   0.81   3.34   0.33   1.77   1.37   1.76  -3.26   1.90
194104  -4.14 -10.62  -5.71   1.47  -8.88  -6.35  -4.27  -5.27  -9.51  -4.40
194105  -1.32   0.43   3.71   5.49  -0.44   0.40   2.73  -1.48  -4.58  -0.92
194106   6.22   3.90   6.49   5.34  10.75   5.04   5.30   6.76   4.06   4.51
194107   5.59   3.84   7.05  11.26   1.73  -0.39   4.99   8.01   5.32   7.37
194108   0.81   2.45  -0.65  -3.25   0.79   1.06   2.70   0.07  -2.16   0.12
194109   1.87   4.22  -2.91  -0.90  -0.78   0.25   0.25  -0.21  -2.68  -2.58
194110  -7.02  -8.01  -6.39   2.62 -10.26  -2.72  -4.95  -3.70  -9.56  -4.11
194111  -3.06  -3.61  -1.39   3.16  -2.10  -4.03  -3.32  -2.94  -6.56  -1.64
194112  -4.07 -11.79   0.87 -11.00   0.67  -8.59  -8.58  -1.49  -7.44  -5.50
194201   2.43   6.17  -2.28  -1.54   0.95  -1.37  -0.91  -3.13   3.93   9.43
194202  -5.55   5.21  -2.46  -5.75  -2.51  -0.58  -2.21  -5.41  -2.45  -1.92
194203  -8.29   1.40  -5.60  -7.95  -6.35  -6.92  -8.24  -5.65 -12.12  -9.01
194204  -4.03  -4.37  -4.53  -3.43  -3.57  -7.32  -5.29  -4.47  -3.32  -2.00
194205   8.80  10.04   1.76   6.65   7.86   7.72  11.73  14.80   8.52   3.45
194206   3.61   1.77   3.56   4.30   4.51  -2.23   2.32   2.85   1.77   1.93
194207   2.37   2.00   2.75   5.92   1.84   4.45   4.28   1.51  -0.48   6.58
194208   0.87   2.31   1.30   3.40   0.72   2.34   2.44   2.22   0.79   2.41
194209  -0.11   2.56   3.23   2.52   5.19   2.07  -0.11   0.25   5.83   3.31
194210   4.38   5.78   6.68   9.45   6.22   6.13   0.71   4.05  15.00   8.63
194211   2.76  -0.08  -2.28   0.98   2.01   2.71   6.44   1.57  -1.12  -1.96
194212   4.62   8.20   5.27   7.47   6.04   0.35   2.26   8.80   4.28   4.30
194301   9.07   5.18   6.89   6.30   9.90   3.73   7.45   2.25  14.65   7.21
194302   3.55   7.45   5.15   7.84   3.40   8.75   3.13   3.79   7.80   9.52
194303   4.35   4.95   5.90   7.41   7.45   0.60   8.84   4.40   4.62   9.93
194304   0.90   0.55  -1.49   0.73   1.20   4.13   1.76   1.25   4.03   2.22
194305   6.55   6.43   5.34   5.91   6.21   4.53   7.38   5.02   4.37   5.52
194306   1.99   4.83   0.87   1.13   2.35   2.49   4.51   0.48   4.26  -0.80
194307  -1.71  -9.62  -6.70  -2.96  -7.32  -0.10  -2.35  -3.08  -0.41  -5.09
194308   0.94   3.45   0.66   1.01   0.41   0.82   3.15   0.29   1.97   1.37
194309   2.20   1.73   2.68   1.39   5.24   1.49   2.78   3.94   3.78   2.22
194310  -0.22  -1.11  -0.85  -2.03  -3.38   0.71  -3.30   0.50   0.61  -1.10
194311  -4.45  -5.22  -6.31  -6.78  -6.45  -1.74  -4.19  -3.98  -8.24  -7.85
194312   6.00   7.79   5.81   7.54   8.03   3.18   6.01   3.76   7.39   7.17
194401   3.94   0.96   1.91   0.60   0.51   0.89   1.63   0.33  -0.37   4.46
194402  -0.56   3.74  -0.38   0.08  -2.10   0.86   1.30  -2.60   1.54   2.08
194403   2.83   4.79   2.23   1.87   3.75   0.70   2.07   2.48   1.74   2.66
194404  -1.92  -1.15  -2.00  -1.36  -1.94  -0.57  -1.33  -2.33  -0.91  -2.38
194405   5.30   7.84   5.51   5.00   3.61   2.80   5.52   5.65   2.74   4.29
194406   5.46   9.15   7.03   0.52   7.43   3.25   6.16   3.89   4.90   5.86
194407  -0.38  -4.91  -1.95  -1.21  -1.84  -0.37  -0.24  -1.32   0.30  -0.82
194408   2.48   3.94   2.17  -1.95   1.89   0.65   3.77   0.84   3.58   0.40
194409  -0.16   0.60   0.51  -1.37  -0.63   0.25   1.29   0.36  -1.49   0.13
194410   0.05  -2.74  -0.34   1.87   0.88   0.77   0.47   1.19   1.49   0.69
194411   1.21   2.22   0.85   2.61   1.54   0.69   2.56   0.39  -0.29   4.32
194412   2.04   3.99   4.17   5.12   4.65   0.73   2.95   1.65   3.08   8.41
194501   2.57   1.26   2.79   4.89   0.57  -2.03  -0.97   0.39   5.74   0.60
194502   3.94   7.60   6.85   7.29   6.64   2.87   4.72   4.39   6.13   7.86
194503  -2.99  -6.03  -4.74  -5.23  -3.80  -0.15  -1.29  -1.85  -3.08  -3.60
194504   7.06  11.06   8.38   6.90   8.07   2.52   6.68   6.41   9.95   8.87
194505   2.47   0.78   0.78  -0.84   1.79   3.73   6.27   4.13   1.95   2.99
194506   0.69  -1.61  -0.22  -0.49  -1.90   2.59  -3.52  -4.68   4.85   4.35
194507  -1.39  -0.94  -2.95  -3.27  -1.71   2.19  -0.88  -1.62  -0.44  -5.40
194508   7.63   9.42   8.75   2.21   9.67   1.69   8.28   9.30   1.17   2.47
194509   6.23   2.79   6.14   1.91   3.35   1.99   5.72   6.57   6.51   6.06
194510   6.66   0.09   2.34   6.33   0.74   2.34   6.29   6.39   5.93   5.72
194511   3.62   2.62   4.88   8.36   2.61   3.39   6.35   8.62   4.96   9.00
194512   1.12   2.53   1.54  -0.23   2.58   0.48   2.21   1.27  -0.91   0.11
194601   4.86   6.59   7.95  -0.08   6.51   1.94  10.50   7.61  10.60   7.55
194602  -4.84  -8.89  -6.06  -4.70  -7.42  -2.85  -4.01  -4.14  -5.49  -6.22
194603   6.37   1.00   5.75  11.04   1.97   1.28  11.71  14.71   6.46   4.63
194604   3.62   1.47   4.30   8.75   1.47   1.57   7.88  14.91   4.25   1.56
194605   3.44   5.05   4.88   3.62   5.08   2.80   2.20   5.58   2.94   3.57
194606  -3.64  -5.92  -3.54  -3.16  -5.29   0.42  -7.85  -5.50  -2.82  -3.30
194607  -0.78  -4.75  -3.20  -0.03  -3.43  -0.06  -2.39  -3.14  -3.48  -4.99
194608  -5.24 -10.33  -6.64  -5.61  -6.82  -6.92  -4.88  -3.22  -5.30  -6.64
194609 -10.35 -14.76 -10.32  -8.00  -9.81  -4.81  -6.58  -7.02  -8.64 -14.32
194610   0.49  -3.34  -1.82  -0.67  -2.85  -5.13  -2.64  -0.28   1.49  -0.20
194611  -1.08  -1.12   1.80   0.56  -2.26   1.81  -4.64   1.64   0.70   0.37
194612   3.84   6.17   6.64   4.34   4.85   3.72   4.93   7.40   6.03   2.78
194701   0.43  10.77   0.88  -0.65   5.40   0.97   3.08  -5.35  -0.33   0.50
194702  -0.12   1.57  -0.67  -2.69  -2.03  -2.08  -1.26  -4.21  -0.72  -1.49
194703  -2.01  -2.64  -1.57   2.33  -2.35  -2.21  -2.42  -1.28  -2.60  -3.43
194704  -6.46  -4.07  -5.65  -0.37  -5.10  -0.26  -7.69  -8.46  -3.74  -6.32
194705  -0.38  -2.06  -2.03   2.51  -0.39  -1.07  -1.09  -2.62  -2.36  -1.79
194706   6.45   5.91   5.78   7.79   3.84  -3.22   9.72   4.23   3.81   3.28
194707   4.65   5.17   3.88   3.87   6.34   0.81   4.45   2.60   2.54   5.96
194708  -1.38  -0.74  -1.01  -2.30  -4.21   0.36  -3.52  -3.83   0.24  -3.17
194709   0.39   0.14   0.70  -2.70   1.15   0.84  -2.16  -2.62  -1.31  -0.97
194710   1.36   2.95   3.23   5.24   1.73   0.21   2.71   1.22   0.15   1.00
194711  -1.69  -2.67  -1.19  -0.34  -0.55  -2.57  -1.86  -3.04  -7.60  -1.97
194712   0.69   2.25   2.60   9.29   2.48   0.44   0.11   3.10   1.19   3.67
194801  -2.69  -5.34  -4.07  -7.43  -5.52   0.11  -2.58  -8.23  -0.21  -0.87
194802  -6.11  -5.41  -5.33  -2.96  -3.95  -1.06  -3.90  -3.53  -3.47  -4.09
194803   5.46   7.25   9.61   9.93  11.11   1.96   7.09   6.33   6.61   9.88
194804   1.31   1.16   2.50  11.21  -0.60   2.65   4.40   2.14   1.50   3.24
194805   5.08  14.42   7.86   6.08  12.76   2.49   8.84   6.78   5.74   6.77
194806  -1.99   0.33  -0.98   3.49  -1.42   0.44  -1.01  -2.19   2.59  -0.80
194807  -1.67  -4.37  -4.99  -7.18  -6.60  -1.65  -7.50  -4.25  -4.33  -4.97
194808   0.02   1.13   0.41  -2.01   3.07   0.06   2.27  -1.90   0.09   1.53
194809  -3.95  -3.88  -2.65  -4.46  -3.16  -0.23  -0.93  -3.08  -0.90  -3.42
194810   3.64   7.95   6.68   9.20   6.85   1.11   4.16   5.19   4.40   4.96
194811  -6.17 -11.86 -10.13 -12.18  -9.25  -2.06  -4.50  -5.74  -9.09 -10.58
194812   0.68   3.45   4.02   4.72   6.31   1.08   1.41   4.54   2.67   2.87
194901   3.67   2.46   0.31  -3.83  -1.33  -1.26   1.01   4.57   4.77   0.31
194902  -1.93  -3.68  -3.43  -4.30  -4.21  -0.30  -3.10  -0.93   0.67  -3.17
194903   3.20   3.41   3.57   6.06   5.82   1.36   4.26   5.50   3.76   4.89
194904  -1.64  -4.22  -3.51   1.29  -3.71  -1.64  -1.63   0.24   1.22  -1.54
194905  -0.42  -2.83  -3.30  -5.63  -5.30  -2.17   1.11  -1.88  -0.57  -2.67
194906   1.01   1.30   0.23  -1.18   0.11   1.13   3.57   2.16  -0.92  -1.37
194907   4.94   9.42   5.93   6.24   6.90   2.41   4.68   6.00   4.74   4.19
194908   3.97   2.32   2.17   5.49   0.75   0.98   1.31   0.19   3.68   1.45
194909   2.83   2.64   3.93   3.03   3.65   1.23   2.16   1.86   4.05   3.40
194910   1.53   7.35   4.33   3.71   3.74   1.88   0.38   3.38   1.31   2.44
194911   1.84   4.76   3.25  -2.77   3.90   1.67   2.38   4.81   3.28   1.21
194912   5.13   8.27   6.48   1.09   9.17   1.59   4.64   8.70   3.25   7.17
195001   1.37   1.88   1.98  -0.64   4.53   1.86   0.01   1.06   3.75   3.19
195002   0.53   3.50   1.95  -0.53   3.40   0.66   1.46   1.92   2.40   1.02
195003  -0.56   1.86   0.81   4.85   2.42   4.57  -0.67  -2.90   0.56  -0.68
195004   0.14  10.56   7.44   3.23   4.73   2.37  -0.28   5.52   0.95   1.50
195005   2.07   6.45   5.99   8.80   0.23   1.97   2.59   3.96   1.83   1.36
195006  -5.69  -4.03  -6.54  -4.52  -7.96  -4.28  -4.51  -4.19  -7.66  -6.79
195007   0.44  -2.72   2.15   8.81  -2.91  -1.32  -0.72  -6.94  -5.23   7.49
195008   3.94   9.23   6.35   4.32   5.26   2.56   4.16   3.68   3.39   2.30
195009   4.88   8.79   4.47   3.53   5.01  -0.46   7.72   6.16   4.51   6.52
195010  -0.37   0.62   0.46   0.29  -1.48   0.21   0.85  -1.76  -0.74  -1.52
195011   0.02  -2.61   5.94   5.28   2.64  -0.24   0.57   4.68  -1.18   3.94
195012   2.83   1.50   6.67   8.68   3.88   1.88   2.87   6.06   3.59  11.04
195101   4.62   9.21   6.14   6.30   7.72   1.88   3.15   3.10   5.04   6.40
195102   0.96   2.80   1.22   0.96   0.92   4.11   3.51   1.46   3.11  -0.41
195103  -2.77   1.19  -3.03  -2.38  -0.91  -1.10  -1.88   1.70  -1.39  -2.84
195104   0.95   3.42   6.84  10.81   3.17   0.85   0.21  10.41   0.22   3.74
195105  -1.27  -5.32  -2.14  -3.01  -2.77  -0.41  -1.64   1.57  -0.05  -3.26
195106  -3.58  -6.83  -3.80   1.09  -1.60  -0.18  -2.40   0.83  -0.41  -5.11
195107   3.13   3.11   8.44  11.37   5.67   2.80   2.62  14.46   5.30   7.39
195108   3.51   7.00   4.87   5.74   5.92   2.64   2.93  -1.43   2.13   3.46
195109  -0.41   2.66   0.22  -0.76   3.34  -0.04   3.16  -1.82   1.33   3.58
195110  -3.12  -2.04  -4.14   1.17  -6.35  -1.08  -2.91  -5.97   0.71  -3.62
195111  -0.06   2.01   0.43  -0.79   2.53   0.49   1.18  -0.48   1.66   2.11
195112   1.92   2.48   4.55   4.72   4.91   0.87  -0.34   5.14   3.27   2.13
195201   0.52  -1.16  -0.30   6.60  -1.65   0.18  -0.40   0.65   3.08   3.32
195202  -2.01   0.46  -3.84  -3.39  -3.30  -0.63  -3.39  -4.25   0.68  -1.58
195203   1.71   8.32   2.98   8.72   5.21   1.26   2.12   0.45   2.23   5.85
195204  -3.32  -3.00  -6.61  -7.65  -3.36  -0.75  -1.73  -5.50  -1.80  -3.39
195205   2.14   4.00   4.28   3.51   2.93   1.03   2.74   2.52   2.99   2.94
195206   2.87   5.25   4.32   5.45   5.87   2.06   2.71  -0.96   1.10   4.02
195207   0.58   2.53   2.22  -1.02   1.42   0.25   2.04  -4.38   2.03   1.14
195208   0.97   2.04  -1.65  -2.66  -0.22   0.89  -0.06  -0.57   1.82  -0.14
195209  -2.83  -0.78  -2.10  -4.30   1.04  -0.34  -0.60  -4.09   0.33  -1.37
195210  -0.88   1.21  -1.55   0.38  -1.06   0.92  -1.29  -1.49   0.34  -1.57
195211   6.02   6.53   8.70   2.07   9.16   4.07   3.86   7.22   5.08   7.27
195212   1.43   7.02   2.67   4.55   3.06   0.88   1.65  -1.95   2.01   3.73
195301   2.16  -0.37   0.66  -2.99  -2.31   1.03   1.25  -5.11   0.91   1.08
195302   1.74  -1.17  -0.98   0.33   0.51  -0.43   0.07   2.06   0.51  -0.22
195303  -1.75  -4.38  -1.63  -0.55  -0.74  -0.43  -1.52  -0.17   0.16  -1.44
195304  -0.12  -1.97  -2.68  -5.18  -0.37  -1.04  -0.56  -5.34  -2.95  -3.21
195305   0.24  -0.03   0.23   1.84   1.15   0.37   1.83  -0.04  -0.13   1.44
195306  -0.84  -3.32  -2.32  -0.08  -2.01   0.50  -2.63  -3.31  -2.98  -2.05
195307   2.72   0.72   2.60   3.93   2.31   0.94   2.40   3.66   3.42   1.43
195308  -3.50  -6.35  -4.85  -6.36  -4.40  -0.84  -2.60   0.05  -0.35  -6.77
195309   0.26  -0.81   1.15  -1.92   3.35   1.77   0.25   0.42   1.65  -0.99
195310   0.69   7.74   6.00   5.64   7.24   1.39   0.58   2.66   4.46   3.69
195311   0.35   0.49   4.15   1.99   5.02   2.26   2.90   7.98   3.00   2.77
195312  -0.62  -1.21   0.62   0.44   0.69   0.53   1.34  -1.34   0.70  -2.30
195401   4.17   5.29   4.52   8.64   6.85   1.89   3.05   5.65   3.32   6.64
195402  -0.30   1.71   0.95   2.80   5.01   2.58   0.47  -0.19   1.59   1.54
195403   1.37   3.51   4.85   4.28   8.84   1.72   0.51   0.28   2.96   1.80
195404   0.99   4.10   5.72   6.15   9.08   1.96   1.30   1.20   1.24   2.87
195405   2.38   4.47   4.47   2.97  -0.41   1.23   2.63   1.61   2.64   4.39
195406   0.57   1.20   3.60  -5.86   9.71   0.54   2.17  -2.43   1.29   1.50
195407   6.39   9.84   5.20   4.23  -0.50   4.36   3.76   8.21   5.41   6.83
195408  -2.70  -3.36  -3.75   0.52  -4.67  -1.43   0.04  -2.56  -1.72  -2.26
195409   3.88  14.47   6.60  10.01   6.43   2.49   4.38   2.82   2.01   4.32
195410  -2.22  -0.76  -1.11  -1.98  -1.97  -0.85  -2.45  -1.62  -3.80   0.59
195411   6.09   4.46  13.68   8.04  13.20   3.43   8.32  12.56   5.67  11.15
195412   4.34   7.25   6.54   6.47   3.06   1.58   2.16   6.12   3.57   9.36
195501   0.30   0.54  -0.12   0.41   3.49   0.80   1.99  -2.88   1.44   0.89
195502   1.53  -1.03   4.17   2.42   4.42   3.99   1.31   2.85   3.64   3.77
195503  -0.85   0.05   0.36  -0.23  -1.10  -0.19  -1.57   6.09  -0.73   0.93
195504   4.07   5.67   4.33   0.58   5.37   1.97   1.83   0.02   2.56   3.43
195505  -0.27  -1.11   3.00  -0.62   0.07   1.29   2.46   3.15  -0.14   1.63
195506   2.49  10.09   9.58  11.20   2.73   0.69   3.99   0.17   1.67   2.37
195507   2.06  19.61  -1.17   2.76  -2.74   2.61   2.11   0.13   3.76  -1.42
195508  -0.68  -4.27   3.03  -1.10   0.86  -2.44   1.64   0.15   0.10   0.57
195509  -1.58   9.24  -0.75  -0.38  -4.22   1.07   3.09  -3.17  -2.69  -2.70
195510  -0.83  -4.98  -3.05  -0.99  -5.17  -1.15  -2.46   0.82  -0.97  -2.60
195511   3.50   9.25   8.00   8.58  10.12   1.63   5.47   6.29   3.33   8.30
195512   1.20  -4.06   2.89   3.70   4.85   0.86  -0.82   6.23  -0.05  -0.65
195601  -1.53  -6.74  -4.57   0.54  -5.21   1.87  -3.98  -6.50  -0.29  -2.76
195602   1.10   5.60   4.88   4.27   6.27   0.16   2.73   8.27   2.01   3.37
195603   1.76   3.75   7.72  11.44  10.48   1.43   0.25   7.26   3.82   5.70
195604   0.86  -5.15   1.02   3.62   0.09  -0.88  -1.62   2.76  -2.17   0.89
195605  -3.25  -4.45  -6.17  -6.37  -5.28  -1.06  -4.27  -1.23  -0.75  -5.40
195606   0.66   7.02   4.62   2.74   7.12   1.28   2.07   3.60   2.39   1.55
195607   1.99   4.35   6.06   6.00   5.28   2.65   4.44   3.09   5.23   2.42
195608  -1.38   0.81  -3.00  -5.27  -3.55  -1.39  -4.07  -3.07  -2.48  -3.55
195609  -3.23  -1.21  -6.05  -5.81  -6.85  -2.84  -4.62  -3.68  -3.86  -4.40
195610   0.41  -1.01   1.07   0.54   3.25  -1.40   1.11   0.58   1.14   1.11
195611  -0.42  -3.44  -0.76   5.31   0.69   1.53  -2.19  -1.30   0.42   0.22
195612   1.26   1.04   4.86   4.14   4.44   2.56  -0.29   6.06   1.82   2.00
195701   1.78  -6.21  -5.86  -4.12  -5.64   2.90  -1.30  -2.27   2.63  -0.55
195702  -1.41  -1.85  -2.74  -2.27  -0.65   0.33  -0.96  -0.35  -0.30  -2.55
195703   1.58   0.54   2.03   3.17   4.77   1.51   1.96   8.22   1.71   2.30
195704   1.39   7.95   3.69   6.94   8.39   0.44   0.13   5.43   3.17   3.15
195705   1.39   1.05   3.17   7.61   5.79   1.04   2.37   4.79   2.25   1.36
195706  -0.64   0.08   0.34  -1.74   5.26  -2.09  -2.00   6.46  -5.09  -1.10
195707   0.92   3.64   0.47   1.00   1.07  -0.24   2.61   2.60   0.02   1.12
195708  -1.99  -3.09  -6.23  -5.74  -7.04  -0.12  -2.63  -2.98  -2.58  -5.45
195709  -1.14  -7.09  -6.88  -7.97  -6.36  -2.22   0.03  -3.04  -1.73  -6.66
195710  -2.12  -3.94  -4.73  -5.76  -1.77  -2.10  -3.49  -0.68  -0.70  -6.87
195711   3.36  -5.26   3.35   2.41   6.46   1.49   1.43   8.58   4.38   0.33
195712   0.45  -7.89  -4.60  -6.98  -3.24   1.26  -2.03  -0.48   2.56  -4.40
195801   7.46   4.96   5.39   1.59   4.03   4.26   8.18  -0.41   6.26  11.01
195802   2.04  -1.44  -2.02  -4.60  -1.63   0.66   1.59   4.95   1.27  -1.77
195803   4.19   2.95   1.58   7.92   2.62   1.17   4.19   8.17   1.97   2.51
195804   3.54   4.96   1.43   5.14  -0.12   2.70   2.88   6.55   5.08   4.52
195805   2.72   4.79   3.44   0.35   1.50   2.11   3.53   1.44   1.40   3.75
195806   2.65   2.62   2.37   4.95   3.63   1.66   2.23   3.55   2.20   2.87
195807   1.63   9.98   8.48   0.69   3.74   0.90   2.17   5.97   1.13   5.27
195808   2.93   0.02   2.42   1.92   2.08   2.41   5.26   1.98  -1.00   3.00
195809   4.26  10.04   4.54   3.28   6.20   5.04   3.95  11.72   3.46   4.42
195810   2.50   2.28   3.05   1.33   4.49   1.46   2.03   1.05   4.27   3.77
195811   4.09   1.75   2.92   1.92   4.35   2.14   5.55   8.03   2.95   4.63
195812   2.67   2.75   5.21   1.25  13.11  13.28   5.17   4.61   5.93   3.08
195901   3.81  -1.08   0.80   0.51  -2.22   3.91   3.55  -0.62   1.25   2.10
195902   3.00  -1.94   3.63  -7.39   5.17   4.85   2.73   3.86   1.26   1.74
195903   0.30  -1.19  -0.25   2.14   2.33  -0.43  -1.91   4.25   1.64  -0.71
195904   3.01   9.38   4.17   1.72   8.44   4.63   1.76  11.92  -1.13   1.96
195905   1.33   5.18   4.04  -0.95   4.84  -1.04   2.44  -1.07  -1.09   0.63
195906   1.67   0.16   1.28  -2.72  -0.99  -1.04   1.87   6.59  -2.23   1.41
195907   3.70   8.43   3.72   4.96   0.45   0.60   1.82   4.73   3.82   0.27
195908  -0.39   2.42  -1.89  -3.13  -2.50   0.61   0.75  -3.57   1.34  -2.22
195909  -3.22  -4.45  -4.96  -6.90  -4.19  -0.96  -1.97  -4.96  -4.35  -4.11
195910   3.79  -1.26   1.42   1.17   4.98   1.30   0.75   2.34   0.89   0.30
195911   1.25  -0.10   2.19  -0.41   9.21  -1.23   2.13   5.62   0.40  -0.51
195912   1.23   5.16   2.16   4.23   3.41   4.31   2.59  -1.67   2.14   2.11
196001  -3.36 -11.17  -8.41  -7.49  -9.80   0.95  -5.90  -6.38  -2.07  -4.50
196002   2.93  -2.20   0.49  -3.43   5.35   8.36   3.65   0.31   2.76  -0.02
196003  -1.41  -4.38  -3.55  -0.80   1.63   0.14   0.02   1.61   1.75  -2.26
196004   1.53  -1.57  -3.53  -4.26   0.52  -1.05  -0.38   1.65   1.38  -1.11
196005   6.51  -0.68   3.86  -3.46   9.55   3.32   2.92  13.72   1.50   0.25
196006   4.33   0.81   1.68   3.52   1.46  -0.34   4.25  -0.16   5.77   2.84
196007  -0.95  -0.60  -4.16   0.70  -4.20   0.10  -3.00  -3.86  -1.07  -1.46
196008   4.51   3.48   1.70   4.10   1.16   7.11   3.22   2.46   4.40   3.11
196009  -3.43  -5.68  -7.03  -1.00  -8.72  -5.91  -8.22  -8.71  -4.48  -5.70
196010   1.67  -1.34  -0.97   2.43  -3.25   0.14   0.01  -3.49  -0.33  -0.80
196011   8.66  -0.66   4.84   3.40   7.01   4.19   6.59   4.04   3.74   6.68
196012   4.48  -0.41   3.94   5.30   3.03  12.45   2.16   6.22   6.35   4.20
196101   5.41   8.36   6.63   9.76   2.87   7.89   2.85   6.05   4.95   7.78
196102   6.61   3.98   5.05   0.73   2.71   0.75   4.85   5.20   3.63   5.68
196103   4.85   3.43   1.60   1.42   2.77   7.43   5.71   3.80   2.02   3.54
196104  -1.36  -1.71  -1.34   4.76   0.48   0.80   0.68  -0.30   1.86   0.57
196105   3.68   1.30   4.57   0.15   2.86  -1.04   3.88   2.28   2.39   4.18
196106  -1.39  -1.53  -2.97  -4.02  -3.35  -3.99   0.47  -3.38  -1.87  -3.75
196107   2.86   6.15   2.48   2.28   1.79   6.43   2.39   3.50   2.87   1.26
196108   5.11   1.37   2.45   0.19   4.49   0.21   3.31   3.86   3.81   5.22
196109   0.05   4.68  -4.46  -6.42   0.21  -2.72   0.34  -1.23   1.41  -1.86
196110   3.34   0.54  -0.22   6.62   3.37   0.20   9.16   3.66   5.30   2.32
196111   5.49   9.67   2.94   5.53   2.93   8.52   4.99   3.14   3.42   3.85
196112  -3.19   2.87   0.17   3.81  -0.69   3.32  -0.28  -1.99  -4.20  -1.83
196201  -6.13  -0.17  -3.55   0.08  -4.96  -6.07  -8.62  -4.78  -2.59  -1.47
196202   0.26  -1.46   1.41   5.35  -0.02   4.11   1.60   3.75   2.63   1.72
196203  -1.09   0.41  -0.45  -1.65   0.21  -2.94   0.92   0.41   1.96  -1.78
196204  -6.74  -5.17  -7.95  -3.62 -11.05  -4.68  -4.49 -11.33  -2.78  -7.08
196205 -11.23  -4.43  -8.21  -4.96 -11.17  -7.13  -9.21 -10.78 -10.46  -7.86
196206  -8.77  -6.07  -9.54  -4.85 -11.57  -8.52 -10.26 -12.89  -5.11  -9.16
196207   5.23   8.03   5.25   4.90  11.30   7.23   4.49   7.78   7.44   5.75
196208   0.89   3.83   2.36   1.83   3.38   1.58   4.22  -7.92   3.17   3.81
196209  -5.61  -2.20  -5.80  -1.77  -8.86  -6.05  -6.58  -4.05  -2.84  -5.74
196210  -3.27   2.46   1.49  -0.29  -0.14   2.77  -1.38   2.47  -1.08   0.56
196211  12.08   6.73  13.21  10.71  14.56   7.16  11.19  17.59   7.60  14.77
196212   1.46   3.54  -1.07   4.69  -0.17   1.08  -0.07   0.88   3.44   1.37
196301   5.94   7.60   5.78   2.68   5.64   4.13   4.14   5.66   5.26   5.24
196302  -3.03  -2.89  -2.55  -1.31  -5.06  -1.09  -0.54  -2.58  -1.47  -0.44
196303   2.56   7.09   2.88   6.98   2.75   1.94   1.94   1.18   1.79   2.95
196304   2.38   5.65   4.69   6.05   6.42   3.73   5.41   7.62   2.40   5.92
196305   1.89   8.03   2.09  -0.11   4.19  -0.64   2.56  -0.25   1.03   3.56
196306  -1.38  -3.24  -2.56   1.21  -4.92  -1.94  -1.43  -1.09  -1.12  -1.39
196307  -0.48  -0.07  -1.40   2.30  -0.68  -0.25  -1.05   0.57   0.82  -1.58
196308   4.86   6.54   6.18   3.94   5.13   4.28   6.43   9.56   4.21   5.36
196309  -1.68  -0.25  -0.77  -3.65   0.14   2.36   0.94  -4.07  -2.49  -3.17
196310   2.67  10.71   2.57  -0.33   8.30   3.43   0.51   3.38  -0.67   1.37
196311  -1.12  -5.17   0.29  -1.14  -0.29   4.14  -1.25  -1.65  -1.02   0.10
196312   2.82   0.60   1.89   4.66   3.04  -0.09   0.33   1.53   2.41   2.65
196401   0.80   1.22   2.71   4.85   2.93   3.32   2.52   3.70   1.40   1.16
196402   1.85   1.64   2.75   1.07   1.96  -0.28   1.63   1.65   0.85   5.35
196403   3.08   1.08   3.70   1.40   3.38  -0.90   2.44  -1.94  -0.74   2.32
196404  -0.45   1.80  -1.69   4.04  -3.63   0.83   2.84  -1.42   1.04   0.32
196405   1.55   1.52   1.83   2.15   2.74  -0.39   3.90   0.52   0.83   2.38
196406   1.60   0.77   0.90   0.67   0.51   4.69   3.81   0.58   2.20   1.31
196407   1.73   5.64   1.36   3.34  -1.81  -2.01   1.28   4.76   4.91   1.23
196408  -0.26   1.40  -1.23  -1.86  -2.76  -1.56   0.34  -4.22  -0.03  -3.07
196409   1.69   4.64   4.75   3.08   1.15  -1.03   3.47   2.74   1.85   4.03
196410  -0.18   0.08   0.30   3.06  -0.99  -0.89   2.30   2.86   0.95   1.76
196411   0.71  -1.09  -0.51   2.54  -0.23  -2.22   3.26   2.17   1.36  -1.63
196412   0.24   1.89  -0.84  -0.24  -0.01   3.12   0.16   4.38   0.48  -1.73
196501   6.05   3.81   5.53   0.51   7.46   0.25   3.09   7.66   3.93   4.75
196502   1.60  -0.51   2.52  -3.36   2.20   0.81   1.39   2.42   0.46   2.56
196503  -0.80   1.28  -1.14  -3.02  -0.47  -1.68  -0.86  -0.92  -0.52  -0.38
196504   4.20   6.78   4.01   0.86   5.14   2.33   6.81   2.97   0.63   2.32
196505  -0.81  -3.26  -0.53   0.86   0.47   2.76   0.18  -1.25  -0.94  -1.53
196506  -5.12  -6.80  -6.20  -1.98  -5.72  -4.17  -6.20  -5.31  -3.66  -6.96
196507   1.56   2.29   2.04   1.80   3.59  -0.37  -1.39   3.95   1.06   3.33
196508   4.03   3.42   3.62   1.55   5.87   1.33   2.31   6.29   0.92   5.08
196509   0.47   7.11   3.91   4.37   5.25   1.10  -0.67   2.24   1.36   1.80
196510   2.57   6.14   4.45   1.84   5.20  -2.27   0.31   3.23   1.07   4.12
196511   1.08  -3.78   1.39   0.71   2.74  -4.31   1.35   3.79  -1.01   4.06
196512   1.29   1.47   3.25   0.18  -1.52  -0.84   1.30   3.84  -0.32   3.28
196601   1.91   0.61   2.90   1.04   1.34  -1.30  -4.33   2.74  -3.06   5.22
196602  -0.48  -1.48  -0.71  -3.44   5.01   0.48  -1.84  -1.55  -4.17   2.03
196603  -2.63  -2.97  -1.73  -2.23  -0.90  -4.84  -2.16  -1.60  -0.12  -2.58
196604   0.38   0.16   2.78   3.14   7.62   1.27   3.05  -0.01   1.19   3.02
196605  -4.91  -8.37  -5.58  -3.77  -6.07  -2.99  -2.88  -5.27  -2.73  -7.77
196606  -1.78  -1.97  -0.98  -2.28  -0.13   0.48  -2.40   0.99  -1.78   0.64
196607  -1.16  -2.58  -1.52   0.40  -1.71  -1.16  -2.01  -1.71  -0.18  -1.92
196608  -7.21  -7.57  -7.94  -6.37  -5.92  -4.60  -6.32  -8.09  -8.61 -11.81
196609  -1.48  -0.97  -3.60   3.94  -1.92  -0.56  -1.93  -1.15   4.37  -1.90
196610   4.52   0.39   2.52   8.47   0.27   9.18  -1.44   4.87   9.95   3.03
196611   2.31  -3.39   2.70  -1.14  10.87  -2.83   0.67   6.90  -1.36   7.93
196612   0.22  -2.63   1.37  -0.66   0.46   2.96  -4.02  -0.18   2.11   2.13
196701   9.42  11.79  11.19   3.58  10.23   6.24  11.88   6.45   2.81  11.98
196702   2.03  -1.06   1.20  -0.07   6.15   2.13   3.22   1.40  -1.72  -0.33
196703   4.45   3.84   5.75   3.61   5.49   2.97   2.35   7.86   1.54   4.40
196704   4.60  11.05   3.72   1.66   7.86   0.19   9.17   4.46   1.87   2.16
196705  -2.61  -7.28  -3.58  -2.42  -4.39  -5.67  -4.67  -5.28  -4.12  -2.06
196706   2.67   1.55   2.09   2.28   6.39   2.73   3.83   5.41  -1.32   3.48
196707   6.07  11.09   5.06   6.92   3.99  -6.58   5.99   3.79   2.29   7.90
196708  -0.84   0.18  -0.49  -1.45  -1.01  -1.24   0.53   0.65  -0.71  -0.21
196709   3.10   4.97   3.09   4.24   8.38   1.23   2.27   2.90  -0.12   1.32
196710  -2.64  -4.91  -4.43  -0.97   4.89  -3.51   0.63  -5.02  -5.42  -5.06
196711   0.56  -0.93   0.66   0.76   1.43   0.08   0.83   1.33   3.18  -0.40
196712   3.21   0.90   5.22   3.07   2.13   0.13   3.48   1.62   3.23   5.59
196801  -0.59  -5.21  -6.43  -0.89  -8.73   2.67   1.11  -6.58   0.20  -1.90
196802  -2.66  -2.32  -4.29  -2.67  -4.59  -2.41  -0.80  -4.24  -1.48  -3.45
196803   0.75   0.64   0.80   0.74   4.24  -1.12   2.89   0.11  -3.93  -0.30
196804  11.10  11.70  10.62   5.68  12.44   2.21  12.29  11.89   2.49  11.95
196805   5.02  -0.31   3.20   1.25   3.83  -0.72   3.50   3.35   0.44   6.21
196806   1.19  -1.41  -0.28   1.84  -2.01   4.17   0.48   2.23   8.44   3.03
196807  -3.91  -2.95  -4.22   5.28  -5.57  -0.20  -5.17  -4.12   0.18  -2.80
196808   2.78   1.23   3.27   1.29   0.54   1.28   2.25   0.68  -0.87   2.84
196809   4.87   6.67   4.51   3.55   2.94   2.97   7.80   0.84   0.25   9.27
196810   0.83   4.65   0.90   2.58  -4.91   3.17   0.73  -0.04   0.49   1.11
196811   4.63  -0.08   5.78   5.66   8.61   5.40   5.09   8.11   8.80   7.72
196812  -1.03  -4.46  -3.48  -2.53  -5.34  -6.66  -4.09  -1.02  -2.91  -3.66
196901  -1.19  -1.77  -0.42  -1.14  -4.68   1.17  -1.01  -0.23   2.43   0.71
196902  -6.59  -3.47  -5.79  -4.60  -3.61  -3.33  -4.11  -5.16  -5.21  -8.31
196903   0.71   5.11   2.53   7.12   5.45  -0.42   5.08   3.34  -1.29   0.74
196904   1.06   1.22   1.35  -0.36   3.96   7.73   3.79   4.98   1.33   1.79
196905   1.21   0.14  -0.87   3.76  -1.71   1.08   0.51   1.68   0.03  -1.22
196906  -7.31  -6.00  -6.76  -9.89  -0.15  -4.00  -5.45  -5.04  -5.73 -10.66
196907  -6.85  -6.97  -5.57  -9.64  -5.40  -4.50  -8.46  -2.73  -2.97  -9.10
196908   4.95   2.74   4.13   6.59   7.01   1.66   8.12   9.30  -1.29   9.02
196909   0.32  -0.07  -2.08  -9.63   0.20  -4.00  -0.56   2.09  -4.14  -0.70
196910   8.32   3.87   6.60  -1.03   5.79   3.50   6.61   8.98   8.28   7.98
196911  -2.37  -4.43  -3.56  -4.53  -1.78   1.18  -4.22   0.32  -5.27  -5.53
196912  -1.94  -3.44  -1.29  -3.01  -0.73  -5.51  -2.98   4.30  -0.64  -3.75
197001  -4.24  -8.25  -7.22 -11.45  -9.06  -2.57  -5.85  -7.12  -4.23  -8.82
197002   4.68   5.56   4.78   5.38   2.94   7.96   5.35   5.60   8.36   9.42
197003  -0.78   4.86  -0.50  -0.45  -2.58   2.29  -1.64  -5.08   2.91  -1.91
197004 -10.12  -8.87  -9.03  -9.17 -14.34  -8.79 -11.13 -10.11  -8.05 -13.67
197005  -7.45  -6.46  -7.75   2.61  -9.55  -3.75  -9.56  -7.78  -5.36  -8.23
197006  -1.47  -4.16  -4.73  -2.46 -11.77  -8.48  -3.93  -0.51  -4.70  -6.83
197007   6.68  10.60   4.94  12.76   2.35  10.26  10.62   2.16   8.70   8.00
197008   1.45   8.22   4.54   6.54   8.00   2.51   5.22   1.80   4.67   5.13
197009   5.51   2.69   4.02   3.19  10.17  -0.95   7.92   8.03  -0.52   7.61
197010   0.70  -2.01  -3.15   2.95  -3.50  -3.75  -1.58   0.26  -0.82  -5.90
197011   4.84   6.96   3.93   4.94   4.05   6.12   6.86   2.96   9.39   3.86
197012   7.43   6.17   8.02   2.26   4.40   6.85   5.32   5.37   7.17   8.36
197101   4.86   3.88   6.00   0.34   5.39   9.77   8.24   4.94   2.93   7.82
197102   3.77   2.24   1.21   4.79   2.80  -5.30   3.63   1.39  -2.59   2.35
197103   4.44   3.43   4.24   2.76   8.06   0.71   6.71   3.68   2.41   5.96
197104   2.17   8.50   4.43   4.31   2.32   0.82   5.03   4.23  -3.54   4.35
197105  -3.02  -4.26  -2.20  -4.74  -6.14  -5.21  -1.91  -2.10  -3.70  -4.43
197106  -0.13  -0.64   0.44   1.03  -2.18   1.04   0.40   2.02   4.30  -1.21
197107  -2.13  -5.56  -5.03  -2.13  -8.59  -3.61  -3.53  -2.25  -2.13  -3.85
197108   3.10  10.56   6.50  -1.19   5.70  -0.32   6.21   3.27  -2.32   7.01
197109  -0.07  -0.08  -0.24  -1.64  -1.55   0.23   0.64   0.66  -1.50  -0.43
197110  -4.32  -5.20  -6.02  -4.28  -4.37  -1.74  -3.41  -2.50   2.05  -4.20
197111  -0.35   0.32  -0.93   0.06   1.78   0.38   0.22   0.58  -1.21  -0.23
197112  10.53   6.14  10.03   8.84  11.26   7.36  10.21   7.90   8.10   8.21
197201   2.50   3.23   3.36   0.16   8.42   0.94   0.19   2.60  -0.30   3.35
197202   4.64   0.85   4.87   2.61   1.88   0.16   5.55   7.13  -2.50   2.25
197203   0.09   4.22   2.53  -5.46   1.09  -0.32   2.08   0.46  -0.15   2.34
197204   1.92  -0.52   1.86  -0.69   0.75  -1.05  -0.60   1.08  -2.81   1.82
197205   0.41  -0.99   2.09   3.65   3.72   1.19   1.49   3.52  -0.17  -0.62
197206  -1.14  -2.89  -2.20  -0.91  -2.53  -2.74  -3.93   2.51  -1.55  -4.53
197207  -1.58  -2.13   0.47  -1.07   0.97   0.75  -2.45   3.13   0.04  -2.93
197208  -0.11   3.77   2.23  12.38   2.84   5.16  -0.40   1.05   5.96   3.62
197209  -2.62  -0.89  -1.17  -0.24  -1.16   4.31  -0.53  -0.44   0.19  -1.72
197210   0.00  -2.45   1.08   3.10  -3.31   2.30   0.95   1.51   6.75   1.13
197211   6.88   7.94   4.23   6.19   2.51   7.10   5.94  -0.56   6.40   5.15
197212   0.53   1.64   0.84   1.05   1.99   1.45   1.86   3.74  -1.54  -0.71
197301  -4.75  -6.71  -3.63   5.03   1.96  -2.12  -4.26  -1.19  -4.28  -7.42
197302  -4.36  -5.84  -2.14  -7.35  -3.02  -4.62  -6.37  -0.71  -1.97  -6.07
197303  -1.06  -2.82  -0.42   3.05  -1.20   0.54  -5.71   0.78  -2.15  -0.25
197304  -6.19  -5.19  -4.54  -0.98  -6.67   0.88  -8.32  -5.49  -0.60  -7.72
197305  -2.12  -4.19  -1.24  -3.53  -2.58  -0.82  -2.12   1.07   0.36  -4.99
197306  -3.43  -2.53  -0.44   1.63  -0.08  -0.32  -5.72   0.00  -2.49  -0.22
197307   7.46   7.28   6.58   0.30   4.99  -0.32  11.00   6.87  -2.39   9.53
197308  -3.32  -4.00  -1.67  -3.80  -3.69  -3.91  -4.21  -6.89  -2.10  -2.27
197309   5.92   7.84   4.59   9.20  -2.82   7.66   7.42   0.78   7.90   7.17
197310  -2.28  -4.41   0.18   5.17   3.88  -5.55  -3.52   1.83  -3.39  -1.03
197311 -14.30 -16.09 -14.52  -6.20 -11.44  -1.90 -18.68  -7.75 -11.60 -13.36
197312  -1.54  -3.79   0.95   8.66  -4.32   4.56  -0.38  -4.47   3.42   2.41
197401   2.44   6.12   0.48  -7.46   1.24   2.00   6.78  -2.56   4.55   1.16
197402   0.03  -1.05  -0.05  -1.54  -0.60   4.76   0.94  -1.23   0.29   1.01
197403  -1.90  -0.08  -0.85  -3.24  -2.73  -4.59  -3.37   1.22  -3.64  -3.65
197404  -3.72  -4.12  -2.36  -6.31  -3.66  -5.31  -1.94  -1.48 -12.19  -6.39
197405  -2.86   0.44  -2.02  -7.46  -4.20  -1.52   1.19  -0.11  -4.90  -8.41
197406  -0.54  -2.63  -0.31  -0.30  -2.95   0.30  -2.72  -1.61  -6.18  -5.54
197407 -10.17 -11.85  -7.29  -0.52  -8.23  -7.64 -12.85 -14.15   0.77  -6.62
197408 -10.17  -6.62 -10.19  -8.56  -4.91  -0.01 -12.96  -8.04  -8.62 -10.61
197409 -12.20 -12.90 -12.55  -7.95 -16.89  -3.80 -12.03 -15.56  -1.31  -9.60
197410  15.67   4.47  16.17  20.78  14.70  10.85  10.24  29.58  13.01  20.16
197411  -3.85  -4.69  -6.16  -4.25  -4.96  -3.09  -5.69  -1.22  -0.13  -2.77
197412  -0.56  -4.09  -4.44   0.82  -5.23   1.58  -3.34  -3.32  -0.81  -4.36
197501  18.73  21.50  14.52   6.77  15.30  11.08  25.80  -0.74  18.80  17.88
197502   4.04   4.92   8.10   2.26  13.17   5.16   4.98  16.04   0.90   2.86
197503   7.13   6.62   5.08  -2.31   0.97  -0.86  10.51   1.29  -1.32   4.16
197504   3.02   4.11   9.44   7.24   5.58  -0.96   2.57   0.65  -1.61   3.28
197505   5.25   2.57   2.55  12.35   5.90   3.52   4.24   6.52   8.52   5.71
197506   5.21  10.21   3.65   6.25   2.29   4.04   7.58   0.95  10.71   5.95
197507  -5.38  -2.03  -5.85  -4.25  -9.43  -4.21  -7.53 -12.03  -4.78  -6.13
197508  -3.12  -3.47  -0.88  -0.89  -2.97  -3.57  -0.24  -3.32  -1.24  -5.14
197509  -2.44  -2.46  -5.65  -1.16  -0.84  -1.26  -3.51  -6.53  -0.99  -6.30
197510  10.57   8.82   5.64  -1.33   8.39   6.82   9.87  10.68   6.58   3.92
197511   4.11   3.36   3.18  -1.64   5.03   4.26   4.42   5.13   3.15   3.59
197512  -1.50  -0.45  -1.40   0.08  -1.26  -0.12  -3.05  -6.36   1.34  -0.27
197601  10.90  15.62  16.79   8.47  18.28   9.49   9.03   7.73   8.30  12.97
197602  -1.07   3.88   1.90  -3.11   1.17   3.58   4.60  -6.53  -3.52   3.13
197603   0.73   3.53   0.77   7.22   2.92   0.58   3.50   6.53   1.44   1.99
197604  -1.67   1.85  -1.39   2.16  -3.41   1.72  -4.64  -4.30   0.63  -1.54
197605  -2.16  -3.12  -1.23   5.50   0.49  -2.94  -5.69  -2.81  -1.46  -1.72
197606   3.61   4.23   3.96   5.08   8.20   3.59   1.40   3.67   4.25   5.39
197607   1.50  -1.06  -1.86  -0.62  -2.22   1.24  -2.21  -0.38   2.83  -0.06
197608  -0.29  -1.44  -1.57  -0.86  -0.88   4.74   3.02   2.17   2.96  -1.14
197609   1.55   4.49   0.91   5.91   2.86   1.60   0.33   3.62   4.08   0.91
197610  -1.62  -1.16  -3.53  -2.42  -4.50   1.29  -0.87  -3.74  -0.81  -0.43
197611   1.75  -0.71  -0.53   0.82   1.65   3.14   4.96  -9.71   3.14   2.07
197612   5.23   9.67   6.08   6.33   3.85   3.44   2.28   6.26   6.49   8.40
197701  -4.10  -4.19  -5.84   0.29  -3.88   0.10  -7.01  -8.84   0.84  -4.16
197702  -1.38  -3.49  -0.72  -3.01  -0.65   0.99  -1.82  -0.21  -3.40  -1.72
197703  -1.39  -3.34  -0.15  -2.08  -0.03  -1.03  -2.73  -1.79   0.19  -0.09
197704   0.51   3.17   0.59   2.53  -3.46   0.66  -3.46  -5.21   1.94   2.15
197705  -0.94  -0.49  -2.71  -0.41  -1.50   1.44  -2.78  -1.88   1.68  -0.85
197706   4.53   4.29   3.36   6.08   7.77   1.93   6.03   9.03   5.70   5.33
197707   1.23  -2.44  -3.53  -1.80  -0.17  -0.86  -0.18  -2.24   0.87  -0.40
197708   0.11  -0.85  -1.14  -5.77   0.48  -2.26   4.66   3.83  -3.23  -1.21
197709   0.27   1.55  -0.97   0.73  -1.78   3.48  -0.69  -0.89   2.01  -0.07
197710  -3.33  -4.45  -4.37  -3.55  -3.23  -5.06  -3.12  -1.75  -3.14  -4.44
197711   4.57   1.97   4.19   3.45   5.24   2.18   5.48   6.08   4.28   6.49
197712   0.01  -0.75   0.84   1.89   2.38   2.15  -1.34   0.62  -0.33   0.61
197801  -5.31  -6.86  -5.92  -6.93  -4.75  -4.16  -6.89  -1.92  -4.53  -5.33
197802   0.12   0.40  -2.44  -1.08  -3.46   4.14  -0.45  -3.00  -0.41  -0.15
197803   4.16   6.09   3.81   2.06  -0.61   2.62   2.72   4.17   2.47   5.46
197804   6.94   9.60  11.41   6.71  13.30   2.93  10.93   9.25   0.18   9.36
197805   4.23   0.20   4.27   0.88   1.67  -0.39   1.24   5.17   0.71   2.62
197806  -0.25  -2.80  -1.53  -3.74  -0.35  -1.53  -1.94   1.14   0.84  -0.34
197807   3.53   4.70   7.66   3.35   8.58   1.42   5.04   8.86   2.82   6.63
197808   4.14   2.99   3.90   5.09   6.02   3.55   5.64   0.99   0.44   6.34
197809  -0.40  -0.50  -2.09   4.77  -4.16   1.21  -2.64  -2.75  -0.23  -1.25
197810 -11.58 -11.17 -11.41 -10.60 -10.84  -4.47 -14.03 -12.84  -7.10 -14.10
197811   2.15   0.73   3.04   6.17   5.10   2.99   2.56   5.19   3.02   2.53
197812   1.69  -0.61   1.51   2.81   6.41   0.09  -0.64   3.41  -1.24   1.29
197901   4.19   5.07   6.26   3.11   4.31   3.65   5.67   1.42   6.38   6.07
197902  -3.53  -3.58  -4.48   0.63  -3.32  -0.63  -4.33  -4.52  -1.61  -3.27
197903   4.07   6.61   7.29   9.36   7.61   0.15   5.98   5.04   2.35   8.19
197904   0.20   2.96  -0.34   4.33   0.33  -2.15   0.73   0.43  -2.71   1.55
197905  -1.77  -0.71  -2.29  -2.43  -1.96   0.10  -2.59  -2.64   1.45  -0.17
197906   3.31   3.00   3.47   9.27   0.50   1.92   2.84   4.83   4.98   6.99
197907   2.03   2.06   2.08   1.59  -1.51  -0.12   1.14   0.15   2.08   3.32
197908   7.54   4.71   7.52   7.88   5.94   1.53   8.87   8.56   2.04   5.82
197909  -1.87   0.42  -0.74   5.93  -1.75  -2.39  -0.79  -0.55  -2.17  -0.72
197910  -7.66  -9.41  -8.84  -2.55  -7.73  -5.01  -8.84  -4.34  -5.80 -10.17
197911   5.14  -2.19   4.96   8.92   8.17   4.03   3.88   8.77   7.74   7.05
197912   3.38   3.36   4.40   2.48   1.80  -1.54   3.00   2.08  -0.99   4.15
198001   3.12   9.08   7.04  14.22   7.37  -2.06   0.88  -1.29   1.56   5.53
198002  -4.84  -6.29  -2.63  12.94  -3.55  -1.47  -4.90  -4.63  -3.39  -3.36
198003  -8.13  -8.79 -11.72 -17.89 -12.67  -2.61  -8.40  -2.82  -6.59 -12.27
198004   6.49  -1.77   3.25   6.86   0.72   7.32   3.40   4.29  12.01   6.04
198005   7.94   4.33   6.17   4.09   4.82   5.00  10.77   6.96   4.59   8.10
198006   3.00   2.78   2.42   5.82   3.03  -0.58   2.44   0.22   4.54   5.14
198007   7.76  11.73  10.76   2.02  15.49   1.00  10.63   8.88  -0.10   6.91
198008   1.43   1.49   1.74   3.66   3.66   6.30   1.97   0.27  -1.17   2.75
198009   0.26   0.98   3.03   6.53   1.99  -1.61   1.11   3.62   0.15   3.83
198010   0.29  -1.72   0.37   7.73   1.97  -3.25  -1.56  -1.24   1.94   1.69
198011   0.91   4.91   8.58  24.29   9.81   0.09   2.75   8.86   7.38   7.66
198012   1.00  -1.09  -2.13 -10.60  -1.17   0.84  -1.40   4.59  -1.95   0.03
198101   2.01  -2.24  -2.05 -10.15  -8.09   5.52   0.45  -1.61  -2.57  -3.23
198102   2.49   6.44   4.39  -0.44   0.46   2.15   2.89   1.85  -1.27   1.72
198103   6.92   6.99   5.87  -2.26   5.00   1.17  12.69   5.90   2.98   8.41
198104   1.16   1.88  -0.84  -7.54   0.17   6.21   3.04   3.03  -2.68   0.87
198105   2.65   2.86  -0.31  -3.87   4.23   7.13   2.71   3.44   1.82   2.83
198106  -0.21  -4.28  -1.38   4.70  -6.72  -1.92  -1.57  -5.58   3.44  -1.37
198107  -0.64  -2.91  -2.77   7.93  -3.80   0.37  -3.36  -3.90   2.80  -2.70
198108  -5.08  -7.90  -6.90  -6.26  -7.31  -0.81  -5.51  -7.73  -0.84  -5.52
198109  -2.18  -2.97  -7.03 -12.27  -3.90   2.84  -3.60  -1.28  -5.52  -5.42
198110   7.41  -4.14   3.77   9.93   5.21   6.02   6.77   7.95   4.89   7.17
198111   2.65   4.86   4.30   6.91   1.51   2.71   0.93   3.92   5.92   5.07
198112  -1.81   0.48  -1.54  -6.52  -0.04  -1.46  -1.99  -0.73  -2.34  -3.79
198201  -0.93   1.18  -3.19  -8.45   2.73   0.68   0.02   1.44  -0.67  -3.18
198202  -1.96  -2.04  -5.73 -11.07  -5.30  -5.68  -1.39  -1.79  -0.35  -3.91
198203   2.45   3.48  -1.77  -3.66  -3.58   2.05   4.28  -2.56   1.66  -1.26
198204   6.68   4.43   3.16   4.35   7.45  -0.18   5.46   7.41   3.84   3.72
198205  -3.26  -1.91  -4.62   2.32  -5.42  -1.02  -2.88  -3.04  -0.52  -5.44
198206   1.67   2.64  -2.61  -6.22  -2.38  -2.46   2.92  -0.75  -2.21  -2.40
198207  -0.46  -0.33  -2.31  -7.91   1.53   1.21   0.11   0.79  -2.58  -3.00
198208   9.17  13.73  13.81   9.69  12.79  10.84  12.59  12.37  12.02  11.34
198209   5.25  -0.73  -1.05   1.78   1.17   0.98   4.55   1.36   1.07   4.19
198210  10.59  16.55  12.98   5.58  17.00   8.11  16.73   8.20   4.73  15.86
198211   5.17   8.24   5.66  -4.40  10.71   5.95  10.78   5.20   0.16   7.79
198212   0.98   3.04   0.82   5.54   2.67  -1.24  -1.75   0.58   4.32  -1.51
198301  -1.01   5.17   5.09   3.63   8.39  12.45   1.43   1.42   3.67   2.82
198302   3.80   3.63   4.05  -0.58   3.57  -0.37   7.98   2.84   1.59   4.57
198303   7.48  -1.14   2.15   5.95   0.69   0.65   8.48   4.52   0.27   5.00
198304   6.21  10.88   6.32   9.37   7.52   5.14   8.51   5.05   4.76   8.28
198305  -0.95  -2.07   2.17   1.35   2.78  -1.33   0.48  -2.73   2.59   2.41
198306   3.00  10.40   1.64   6.41   6.13   0.17   6.05   6.92  -0.54   1.70
198307  -2.64  -3.90  -2.51  -2.33  -5.32  -5.17  -3.40  -5.63   1.04  -3.61
198308   0.71  -2.38   0.65   6.79  -1.09   2.20  -4.97  -1.04   1.52  -0.87
198309   4.65   4.38   2.38  -4.63   2.13   2.26   2.34   1.29   4.66   1.56
198310  -0.19   0.05  -2.28  -2.08  -6.96  -5.20  -1.43  -2.18   3.07  -4.13
198311   2.29   4.24   6.32  -0.42   2.33   3.17   4.36  -3.06  -1.61   4.74
198312  -0.49   0.91  -1.01   2.08   0.35  -1.54  -4.60  -3.57  -3.70  -0.94
198401  -0.69  -5.36  -3.48  10.08  -6.23   4.10  -5.86  -0.59   1.45  -1.70
198402  -5.71  -6.10  -6.60   3.85  -5.92  -3.68  -4.64  -2.01  -3.33  -4.85
198403   1.64   0.35   3.19   0.26   1.80  -4.24   1.13  -0.68  -0.30   2.47
198404   0.57   1.32   0.00   3.96  -0.43   2.18   0.20   2.31  -0.47  -2.02
198405  -2.40  -5.77  -5.75  -5.04  -5.57  -3.50  -5.30  -6.49  -0.80  -6.82
198406   6.33   2.11   3.22  -2.18   1.79  12.28   7.33   3.84   0.46   2.31
198407  -1.60   2.53  -1.54  -7.47  -2.45   2.79   0.06  -3.79  -0.01  -1.79
198408   8.70  10.01  11.99  13.97  13.96   6.73   9.84  10.43   7.76  11.19
198409   1.26  -0.20  -2.49   2.24  -3.99   2.90   0.07  -4.43   4.82   2.22
198410   1.40   2.15   0.52  -4.48  -0.49  -0.82  -0.73   1.64   3.35   0.72
198411   0.36  -3.02  -1.42  -1.01  -3.83  -0.25  -2.85  -0.08   3.05  -0.34
198412   2.49   4.61   2.17  -0.54   2.53   5.12   1.15   2.73   2.64   3.56
198501   4.90   9.84   8.46   6.56  12.58   5.85  13.15   8.34   2.38   9.86
198502   5.07  -1.57   1.37   3.87  -1.32   2.69   2.16   3.58   1.38   2.11
198503   4.62  -5.26  -2.72   1.44  -6.02   5.47  -0.64   3.06   6.09  -0.14
198504  -2.13  -3.45  -1.52   3.79  -3.63   0.89  -0.11  -1.80   1.61   1.48
198505   8.00   5.93   6.13   0.74   2.83   6.64   9.46   9.49   5.45   6.41
198506   2.75   1.50   1.53  -0.77  -0.69   4.09   1.60   2.30   3.63   2.95
198507  -2.61   2.39   3.46  -0.59   4.40  -4.52  -3.97  -0.43  -4.70  -0.24
198508   0.73  -2.64  -1.13   1.53  -2.53   0.52  -0.55  -0.82   1.92  -0.53
198509  -0.64  -3.28  -3.95  -1.26  -4.73  -4.21  -4.28  -3.92  -5.35  -4.98
198510   3.59   0.85   3.30   5.84   3.03   4.08   6.79   3.21   6.31   6.40
198511   8.56   9.94   7.83   0.29   8.66   7.41   7.90   9.74   4.24   7.44
198512   5.47   7.18   4.57  -2.81   8.28   6.15   4.83   3.52   4.85   4.43
198601   1.78   2.14   1.55  -6.69  -0.29  -3.97   1.52   1.08   3.79   3.54
198602  10.82  10.90  10.19   0.81   4.97   7.39   7.67   6.08   6.57   8.38
198603   8.09   7.86   6.02   0.75  -0.08   3.84   8.55  12.08   3.96   5.80
198604   0.42  -3.51  -1.70   0.79   3.92   2.45   0.23   0.71  -3.95  -2.60
198605   8.88   3.15   4.45   7.29   0.97   4.85   9.79   7.27   3.62   4.75
198606   6.28  -1.29   0.02  -2.11  -3.96   5.37   3.74   5.64   5.05   1.53
198607  -5.74  -9.09  -7.59  -5.18  -8.34  -2.99  -9.56  -5.38   5.15  -6.47
198608   2.58   7.50   6.37  16.74   6.99   6.83   1.67   4.00   7.90   6.84
198609 -10.84  -8.15  -6.56  -0.91  -7.10  -9.42  -8.31 -12.61  -9.09  -8.91
198610   8.90   6.47   6.45   2.02   0.57   4.64   7.44   7.97   5.26   4.23
198611   0.72   4.85   2.52   3.03   3.56   3.98   1.80   1.33   0.54  -0.65
198612  -3.22  -2.22  -1.96  -0.46  -3.68  -3.70  -6.24  -1.24  -3.30  -2.57
198701  14.57  18.71  14.26  13.94  16.54   5.30  11.27  13.16   9.29  11.22
198702   5.61   3.46   4.73  -1.74   9.43   0.03   9.91  11.31  -2.14   4.71
198703   1.14   4.65   3.34  11.76   2.63   1.40   1.96   0.13  -1.66  -0.38
198704  -3.68   4.04  -1.55   0.01   4.41  -2.45  -2.89  -2.45  -4.34  -4.12
198705   2.64  -1.49   0.57   3.16   0.29   3.34  -0.07   1.24  -1.85  -0.04
198706   6.78   2.88   5.19   5.69  -0.02   7.04   6.57   4.77   3.40   4.63
198707   5.72   6.98   7.19   3.28   1.00   5.85   5.95   5.77  -1.67   3.62
198708   3.69   5.69   2.76   1.79   7.45   5.15   3.15   2.20   3.70   4.36
198709  -2.82  -3.97   0.47  -3.87  -2.69   3.31  -6.33  -2.56  -2.31  -1.85
198710 -21.03 -26.92 -27.33 -18.39 -25.93 -12.27 -28.31 -20.47  -6.93 -23.68
198711  -8.02  -8.51  -5.17 -10.59  -9.83  -8.89  -8.48  -9.31  -2.52  -6.62
198712   7.56   8.60  10.85   6.60  11.92   3.93   8.30   5.35   0.56   5.49
198801   3.03   4.43   0.32   8.67  -2.49   9.98   5.76   6.38   9.76   6.31
198802   6.03   6.28   7.65   3.51   7.45   1.24  10.51   4.20  -1.43   4.37
198803  -1.53  -4.20  -1.19   2.48  -4.67  -3.96  -1.05  -2.56  -3.17  -1.34
198804  -0.13   2.93   1.64   4.51   2.62   0.73   1.49  -1.99  -0.29  -0.34
198805  -0.29   1.24  -0.39  -0.52  -1.33   2.34  -1.32  -0.26   3.58   0.92
198806   3.39   8.27   7.52  -2.03   9.44   2.91   6.61   2.68   3.23   6.07
198807   1.67  -0.87  -2.36   3.46  -5.11   0.16  -0.76   0.56  -0.23  -0.56
198808  -0.15  -6.61  -4.44  -1.48  -8.20  -2.89  -2.54  -1.12  -0.12  -0.87
198809   6.53   3.91   3.43  -2.38   2.85   7.06   8.19   3.80   2.67   4.16
198810   8.08   3.36   0.74   1.81  -0.02   2.97   1.77   1.20   2.52   0.00
198811  -1.17  -0.96  -2.15  -0.33  -3.15   0.05  -2.78  -2.15  -0.48  -2.22
198812   3.51   0.30   3.11   1.84   4.88   1.25   1.54   1.82   1.05   0.87
198901   5.66   7.60   7.52   6.34   7.13   8.35   6.46   6.80   2.73   6.79
198902  -1.44  -2.96  -2.10  -1.33  -3.76  -1.37  -1.82  -1.16  -1.83  -0.46
198903   5.51  -1.36   1.19   3.81  -5.49   5.20   2.89   4.95   0.55   3.52
198904   5.68   0.50   5.34   2.58   5.17   9.69   5.31   5.41   3.94   4.65
198905   5.32   2.31   3.65   2.82   2.47   5.89   5.13   3.42   5.36   4.32
198906   1.51   1.31  -2.67  -0.98  -3.29   0.19  -2.01  -2.77   3.38   0.81
198907  11.96   5.23   7.62   3.75   2.96   9.12   9.14  13.91   5.80   8.14
198908  -1.97   5.19   4.39   3.38   2.53   0.80   2.63   0.39  -0.80   3.26
198909  -0.58  -4.49  -2.57   1.39  -2.68   4.02  -2.25   2.42   0.48   1.48
198910  -2.45  -5.70  -4.39   0.45  -4.43  -1.93  -4.06   0.38   1.00  -4.87
198911   1.68  -1.08   3.07   3.92  -1.79   2.12   1.35   4.56   3.23  -0.07
198912   1.38  -1.45   3.00   5.87  -1.12   5.86   1.26   1.04   4.79  -1.64
199001  -9.47  -3.91  -6.29  -4.13  -1.29 -13.04  -6.18  -7.32  -5.34  -8.96
199002  -0.54   5.04   2.55   3.05   4.11  -0.26   1.84  -2.07   0.22   2.53
199003   4.64   2.88   3.88  -0.49   4.46   4.26   5.32   3.85  -0.75  -0.44
199004  -0.18  -4.06  -2.77  -3.61  -2.03  -3.27  -1.88   0.30  -5.51  -3.42
199005   9.07   7.73   8.09   5.94  12.57   9.23  11.63  12.79   5.42   9.13
199006   2.07  -2.18  -0.60  -2.08  -1.17  -4.73   1.67   4.43   0.75  -1.65
199007  -0.81  -3.44   0.21   8.21  -7.36  -4.41  -4.03   2.58   0.88  -3.57
199008  -7.36 -14.23 -12.02  -1.24 -12.01 -10.41 -12.08  -6.80  -6.62 -11.34
199009  -4.07 -10.58  -8.02  -1.63  -6.64   1.84  -8.41  -4.36   0.48 -10.05
199010   2.50  -3.26  -1.77  -4.14  -3.41   3.01  -3.02   1.42   7.23  -6.42
199011   6.55   4.15   7.37   1.62  11.30   2.12  10.41   9.45   2.29  10.65
199012   4.39  -0.42   4.83  -2.19   4.16   1.52   3.40   2.76   0.78   5.50
199101   5.12   7.32   6.34  -2.01  15.01   0.02   9.37   4.55  -1.37   7.48
199102  10.30  10.24   5.96   8.43   6.59   3.24   8.08   9.87   4.83   9.76
199103   4.79   1.17   1.35   1.27   1.31   2.15   8.64   5.45   1.71   3.03
199104  -0.99  -2.28   0.41   2.50  -2.88   1.14   1.97  -1.13  -0.03   1.36
199105   3.60  14.76   7.44  -1.37   3.52  -1.47   7.59   4.67   0.16   5.01
199106  -4.94  -4.47  -4.21  -3.67  -8.78  -1.49  -4.17  -4.19  -2.38  -5.23
199107   5.77  -0.44   3.16   4.99   4.67   3.11   5.37   8.50   3.99   4.73
199108   5.47  -2.15   1.91   1.65   2.85   0.67   3.66   2.92   3.52   3.19
199109  -3.24  -2.66  -2.34  -0.68  -1.34   0.37  -3.17  -0.37   3.71  -0.63
199110  -0.57  -2.01   1.50   2.03   2.00   1.91  -1.97   6.54   1.24   2.28
199111  -0.42  -7.98  -5.46  -7.66  -4.38  -4.75  -1.13  -2.48   1.89  -5.40
199112  14.74   7.60  11.51   2.00   9.17   9.93  13.08  16.54   5.00  12.74
199201  -3.10  10.53   2.20  -4.14   6.70  -2.87   0.23  -5.45  -4.56   2.03
199202   1.05  12.31   2.04  -0.52   3.87  -1.45   2.63  -2.67  -1.23   3.10
199203  -1.51   0.80  -1.24  -2.72  -5.19  -0.83  -1.31  -5.52  -0.54  -2.15
199204   0.75   7.93   3.03   9.43  -1.03   7.05  -3.51  -2.29   2.69   0.57
199205   1.31  -1.92  -0.51   3.19   0.02  -2.46   0.20   1.06   2.54   1.49
199206  -2.80   2.17  -3.33  -3.48  -4.17   1.33  -1.87  -4.75   0.54  -0.06
199207   4.67   0.29   2.98   5.33   2.95   5.44   3.80   5.74   6.72   3.13
199208   0.87  -9.60  -3.57   2.56  -4.53  -0.97  -0.53  -3.31  -0.46  -3.46
199209   1.06   0.11   1.76   0.13   3.40   1.91   4.06  -4.97   0.82   3.42
199210  -0.81  -0.01   0.86  -3.46   2.12  -0.54   4.32   3.33  -0.42   2.95
199211   3.61   8.58   3.92  -2.64   6.38   3.88   7.13   4.83  -0.23   6.12
199212   0.06   3.34   1.48   1.93   0.02   5.65   0.62  -1.38   2.69   3.80
199301  -0.80   9.62  -0.05   2.75   4.87   1.33   0.01  -6.83   2.45   3.37
199302  -2.15  -0.30   1.72   6.03  -0.35   5.71  -1.49  -8.95   6.22   0.36
199303   0.01   5.37   2.25   4.09   2.22   3.27   2.73   0.72   1.77   3.76
199304  -9.31   2.42  -0.04   1.18  -3.74  -2.86  -8.16   1.27  -0.17  -3.29
199305   2.67   1.06   2.35   1.76   8.80   4.16   5.92   3.59  -0.04   1.63
199306  -0.70   3.45  -0.16  -1.14  -0.41   4.64  -2.87  -2.99   3.19   2.30
199307  -2.36   1.48  -0.01   0.47  -3.87   2.14   0.69  -6.08   1.94   2.06
199308   4.28   0.46   3.45   4.30   6.41   5.24   3.94   3.01   3.68   3.47
199309  -1.82   1.01  -1.92   1.45   1.30  -0.49  -0.41   0.88  -0.64   1.78
199310   6.04   7.70   3.15  -1.88   1.59   2.42   4.66   5.96  -1.96  -2.36
199311   0.68   0.68   1.16  -5.93  -0.03  -5.95   0.62   0.97  -5.52  -2.85
199312   1.47   4.44   3.75   0.57   2.97  -0.53  -2.14   2.33   1.61   2.53
199401  -0.42   7.16   4.84   4.83   4.70   2.16   0.71   1.78  -1.21   4.38
199402  -1.27  -4.43  -0.62  -2.98   1.64  -5.50   1.94  -5.61  -4.96  -3.89
199403  -4.02  -6.46  -4.38  -3.63  -3.92  -3.60  -4.64  -6.75  -3.92  -4.25
199404   1.22  -0.60   0.10   4.17  -1.62   1.57   0.29   2.26   2.12   1.35
199405  -1.35  -2.64   2.06   0.89   2.02   1.63  -1.92   4.30  -5.35   3.03
199406  -1.89  -3.42  -2.59  -2.66  -5.24   0.62  -2.58  -3.43  -3.11  -2.56
199407   2.95   3.55   4.59   3.34   3.81   3.09   0.89   1.05   5.16   2.67
199408   6.07  -0.09   4.73  -0.01   9.36   1.08   4.46  10.83   0.66   3.47
199409  -0.32  -5.07  -1.67  -2.08  -0.45  -1.22  -2.25   1.72  -2.77  -4.29
199410   2.19  -1.72   0.61   7.37   7.32  -0.12   1.27   0.90   1.56   0.15
199411  -1.67  -5.05  -5.46  -4.89  -2.09  -5.44  -3.39   0.48   0.26  -5.19
199412   1.33   3.87   4.01  -0.95   2.41   0.88  -2.76   0.54   0.35   1.44
199501   1.82  -5.76  -0.40   0.34  -0.80   4.16   1.58   6.16   6.22   4.76
199502   2.98   5.12   5.55   4.49   6.76   1.51   2.60   2.24   0.82   4.84
199503   2.75   1.42   3.52   5.30   4.55   0.25   3.60   2.79  -1.75   1.94
199504   1.90   1.43   2.96   2.43   8.21   1.62  -1.69   3.02   2.38   1.71
199505   4.78   4.79   3.18   4.07   3.01   0.93   2.70   1.66   6.01   4.48
199506   1.68   0.76   2.10  -2.98   9.88   3.89   4.97   4.51  -0.46   2.17
199507   1.17   2.64   3.60   2.30   7.90   5.04   3.57   5.50  -0.38   4.78
199508   0.65   0.75  -0.18  -1.60  -0.07   4.41  -2.74   1.03   0.98   3.79
199509   6.74  -0.52   2.18   1.29   1.36   5.76   2.88   7.39   6.24   4.54
199510   0.56  -4.79  -2.66  -0.25   1.42   0.15  -5.53   1.07   1.47  -2.03
199511   4.52   5.42   6.52   4.76  -0.70   2.66   6.17   4.98   1.57   6.16
199512   1.52   3.16   1.42   5.79  -4.33   4.12  -0.86   5.98   5.06   1.11
199601   2.61   3.50   3.33  -0.37   1.82   2.33  -0.31   5.96   1.90   3.51
199602   3.22   2.01   0.91   1.04   6.48  -2.50   4.34  -1.05  -2.60   2.22
199603  -0.83   4.33   3.36   5.00  -3.44  -2.01   5.99   0.30  -0.46   1.75
199604   0.15   3.53   1.69   3.45  10.15   2.86   4.26  -0.60  -2.57   0.19
199605   6.56   2.24   2.30   0.45   3.97  -0.01   4.41   3.93   1.34   1.57
199606   3.18  -4.92  -0.47   0.94  -4.95   0.57  -1.71  -0.22   5.21  -0.21
199607  -4.06  -4.22  -3.99  -4.69  -7.61  -8.49  -7.57  -6.27  -5.81  -4.29
199608  -0.78   3.15   3.22   2.98   4.42  -1.33   5.94   4.30   2.89   3.91
199609   3.76   2.47   6.13   3.99  10.61   1.77   3.62   7.39   0.68   5.15
199610   1.62   0.16   1.60   5.90  -1.23  -0.47  -2.27  -0.85   3.60   3.95
199611   5.13   6.02   6.12   5.54  12.01   5.49   3.18   6.59   2.60   7.49
199612   0.53  -3.19  -0.41   0.79  -2.58   2.89  -3.56  -2.58   0.13  -1.87
199701   5.69   3.17   4.25   4.31   9.43   2.34   0.17   9.57   0.92   6.05
199702   4.13   0.35   0.72  -5.74  -7.53   2.56   3.00   0.88  -0.58   2.59
199703  -5.21  -3.91  -3.64   5.18  -5.56  -7.85  -1.34  -7.54  -2.78  -5.83
199704   5.33   2.23   5.39   0.02   8.15   2.56   2.24   6.08  -1.38   5.09
199705   5.92   6.66   7.82   7.34  10.17   6.56   5.96   7.04   3.78   6.18
199706   3.59   3.94   5.20   1.28   1.31   3.46   5.06   8.88   3.07   5.25
199707   3.34   7.45   7.22   7.39  15.99   2.52   7.83   2.11   2.82   9.21
199708  -6.39   1.29  -5.50   0.27  -1.39  -2.53  -2.55  -6.11  -1.16  -4.83
199709   5.56   5.33   3.37   6.25   3.44   9.73   5.19   6.64   4.65   8.03
199710  -3.16  -3.31  -5.87  -2.03  -8.29   3.15  -2.12   0.20   0.94  -2.71
199711   6.51  -1.61   4.17  -3.50   1.45  10.44   5.43   2.83   7.12   2.96
199712   3.78   3.99  -0.14  -1.50  -4.24   4.26  -0.29   3.55   7.95   5.22
199801  -2.75   0.50   0.68  -5.68   5.26   5.17   0.95   5.68  -4.39  -1.96
199802   4.93  12.25   7.16   6.78  10.36   2.38  10.43   5.49   2.64   8.31
199803   5.87   6.18   4.82   4.84   1.30  10.12   6.56   3.58   6.76   5.95
199804  -3.24   0.94   1.25   3.74   5.19  -3.17  -0.53   1.92  -2.52   1.97
199805   1.10   7.05  -2.45  -4.23  -7.03  -1.92   2.18  -2.52  -0.88  -2.99
199806   4.17   1.69  -0.64  -1.28   8.79   3.05   4.96   6.18   2.80   3.28
199807  -4.16  -0.94  -5.83  -6.69   0.47   3.93  -2.93  -0.25  -5.40  -1.81
199808 -13.09 -18.95 -14.34 -10.31 -17.65 -11.80 -14.24 -12.36   1.93 -21.32
199809   1.30   0.94   0.67  12.92  15.18  10.17   1.43  12.03   8.17   2.76
199810  10.90  11.02  11.29   1.17   6.23   6.86  10.79   3.88  -1.77   9.07
199811   6.41   5.42   3.50   0.55  11.71   3.61   9.51   6.20   1.34   6.11
199812   0.33   3.87   2.31  -1.24  15.22  14.35   9.25   5.00   2.86   3.60
199901  -3.49   5.35   0.55  -5.56  15.10   8.95   2.26   0.25  -6.23   0.96
199902  -3.98  -4.73  -2.01  -3.18 -11.48  -2.89  -1.38   0.16  -3.63  -0.01
199903  -2.03  -0.33   4.79  15.28   8.40  -0.96   2.74   2.51  -1.63   2.35
199904   3.92   9.32   9.42  15.79   2.25   7.73   0.42  -5.53   7.35   6.78
199905   1.36  -4.59  -3.23  -3.10  -0.73   1.04  -3.08  -2.03   6.71  -3.68
199906   0.27   0.83   4.55  -1.49  11.62   5.82   8.17   4.51  -4.47   3.08
199907  -2.44  -6.22  -0.96   1.77  -1.64  -1.88  -5.02  -4.40  -0.56  -5.96
199908  -4.58   0.64  -0.34   1.94   5.50  -7.97  -5.96   3.72   0.62  -5.00
199909  -6.85  -8.38  -2.89  -4.00  -0.21   4.08   1.28  -7.09  -4.26  -4.49
199910   6.56   4.83   4.33  -1.57   3.02   8.77   3.25  10.76   2.14  11.62
199911  -1.13  -2.20  -0.98   3.87  12.73   4.43   4.16   1.55  -7.44  -2.41
199912  -2.62   2.84   9.79   0.82  20.46   2.94   6.76  -5.58  -2.39   1.39
200001  -4.73  -1.26  -7.96   1.28  -5.14  -3.55 -10.99   7.64   5.73  -4.71
200002  -6.29  -8.59  -4.10  -5.37  18.05  -4.10  -3.96  -2.42  -7.16  -7.23
200003   7.42  10.79   8.39  11.70   4.23   7.67  13.39  -0.12   5.94  14.41
200004  -1.97   8.83   1.01  -2.10 -10.45  -7.62  -4.49   5.15   7.48  -3.12
200005   7.09 -12.47  -1.50   9.32 -10.76 -10.76  -2.84   3.98   3.97   3.35
200006   2.19  -9.09  -1.19  -4.84  12.62   4.07  -2.20  11.58  -4.72  -2.92
200007   0.81   4.85  -0.61  -2.66  -5.17  -7.51  -1.27  -6.22   4.21   5.33
200008  -2.10   5.34   7.35   8.84  12.64  -1.40  -2.39   3.77  11.76   9.26
200009   3.67  -4.27  -5.95   4.42 -14.87  -3.37   2.69   3.72   9.16   0.30
200010   7.70   2.46   3.84  -2.98  -7.46  -0.26  -1.75   2.47  -1.81  -1.33
200011   2.76 -11.55  -3.46  -2.93 -23.20 -15.46  -1.05   0.49   3.06  -6.03
200012   5.48  -0.16   6.85   7.57  -8.01  -4.56   5.69   3.53   6.61   7.13
200101  -2.19  13.39  -0.09  -3.38  16.12  14.37   6.41  -8.88 -10.77   0.03
200102   0.14  -1.16  -4.42   0.04 -26.15  -9.84  -5.36  -0.58   6.16  -4.32
200103  -4.78  -2.89  -7.19  -0.27 -13.85  -5.78  -2.88  -8.61   1.24  -4.48
200104   0.91   8.58   8.56  10.26  18.05   2.69   5.63   4.18   5.54   6.06
200105   3.40  -1.59   2.54   0.11  -3.26  -1.37   1.59   3.06   0.24   3.63
200106  -1.51   3.75  -4.68  -7.66   1.41  -3.11  -2.60  -2.72  -6.05  -0.04
200107  -0.12   3.31   0.57  -2.55  -7.59  -0.56   4.58   2.27  -3.69  -2.25
200108   2.49 -10.96  -2.05  -3.63 -12.68  -9.30  -6.98  -3.10   0.27  -5.29
200109  -2.97 -16.96 -12.76  -5.67 -19.00  -1.96  -9.45  -0.63  -6.85  -8.08
200110   1.24   1.26   3.87   4.88  15.73  -9.67   1.57   1.26   1.90  -0.73
200111   2.19  15.19   8.44  -4.11  15.97   5.80  10.05   5.06  -1.84   7.68
200112   1.91  -0.47   2.57   6.19  -0.65   2.54   4.48  -2.78   3.66   3.54
200201   1.46   2.85   1.61  -3.01  -0.55  -6.94   2.67  -2.46  -4.37  -3.00
200202   4.28   3.32   4.40   5.20 -13.23  -2.22  -0.19  -0.48  -0.25  -0.61
200203   4.01   6.63   4.98   7.85   6.49   0.12   2.03   0.56  10.33   5.29
200204   2.47   1.87  -1.45  -4.34 -11.85 -12.95  -1.41  -7.63  -1.06  -3.54
200205   1.27  -0.44  -0.25  -0.60  -3.76   3.20  -1.26  -2.31  -7.38  -0.34
200206  -5.83  -8.18  -3.04  -0.46 -12.19 -14.02  -5.09  -9.68  -5.88  -5.61
200207  -6.62 -11.87  -8.58 -11.98  -9.73 -11.79 -11.33  -2.67 -12.42  -6.34
200208   2.24   0.60  -1.27   0.59  -0.94   0.13   1.86   0.68   3.38   1.36
200209  -7.67 -10.89  -8.35  -8.08 -16.67  -9.64  -9.41  -5.89 -10.90 -10.54
200210   5.06  -2.74   3.85   3.26  19.51  22.12   5.74   5.75  -0.66   6.35
200211  -1.09  11.87   6.34   3.12  16.30  11.76   1.87   3.78   1.62   4.32
200212  -0.25  -6.73  -3.81   0.77 -13.00  -9.44  -6.96  -4.15   3.84  -4.78
200301  -3.94  -3.34  -4.11  -2.41  -1.47  -4.01  -4.79  -0.57  -3.21  -2.44
200302  -2.88  -4.77  -2.17   2.00   1.13  -6.61  -1.23  -1.85  -3.96  -2.76
200303  -2.60  -2.55   1.24   1.18  -0.97  -0.66   4.62   3.81   4.37   0.90
200304   4.38  15.05   6.33  -0.57   9.22  11.49   8.93   4.34   7.47  11.76
200305   9.51   2.88   4.69   8.94   9.87   6.29   3.45   4.08  10.13   5.30
200306   1.64   2.40   0.58  -1.19   0.35   1.91   3.46   4.11   0.68   0.95
200307  -1.68   6.70   4.96  -2.76   5.61  -1.91   3.29   0.41  -5.21   3.52
200308   0.30   8.07   4.17   6.30   6.07   1.18   6.74  -2.77   1.90   0.73
200309   1.13  -4.15  -3.79  -2.32  -0.90  -5.65  -4.54   0.24   3.88   0.25
200310   5.94   7.25   8.87   1.56   8.27   6.81   9.02   0.73   1.54   6.31
200311   3.62   3.06   2.05   0.63   1.86  -0.70   0.54   1.76   0.94   1.26
200312   3.44  11.89   6.76  13.62   2.10   7.64  -2.13   5.66   5.85   4.38
200401   0.06  -0.66  -0.68   0.44   4.54   1.41   0.45   3.10   1.92   2.88
200402   4.25  -0.01   1.95   4.69  -2.92  -0.52   6.09   0.89   2.07   2.17
200403  -0.09  -1.30  -0.24  -0.12  -2.56  -2.07   0.29  -3.95   1.13  -0.63
200404   1.42   2.48  -0.21   2.52  -4.92  -0.48  -2.70   3.54  -3.55  -3.75
200405  -1.90  -1.61   1.63   0.39   4.85  -2.95   0.30  -0.43   1.28   1.86
200406   1.66   5.36   5.31   5.55   2.63   0.82   0.04  -0.50   2.01   1.40
200407  -5.98  -4.69  -3.99   3.24  -8.49  -1.09  -4.03  -5.97   1.06  -2.32
200408   0.77  -2.32   1.27  -1.27  -4.40   1.13  -1.20   1.63   3.66   1.89
200409  -2.01   2.45   1.95   8.93   3.33   1.39   2.61  -1.36   1.42   1.12
200410   2.82  -2.66  -1.40   0.65   5.03   3.46   3.05  -2.41   4.22   1.12
200411   4.60   7.15   7.20   6.66   5.85   3.55   3.67   0.65   4.93   4.73
200412   4.79   4.86   2.55  -2.11   3.18   4.22   3.50   5.67   2.41   4.44
200501   0.21  -6.70  -1.77   3.03  -6.15  -4.21  -1.07  -4.09   1.75  -2.19
200502   0.71  -0.29   4.21  19.13  -0.19  -0.30   0.83   2.43   2.33   0.14
200503  -0.85  -7.59  -1.48  -3.22  -2.42  -0.14   0.05  -0.49   0.59  -2.38
200504  -0.96 -11.01  -4.71  -5.73  -4.56  -2.00  -5.28   3.93   2.09  -1.61
200505   2.35   8.69   2.86   2.19   7.73   1.46   6.43   1.50   1.73   3.28
200506  -1.68   1.78  -1.18   5.82  -1.54   0.05   2.44  -0.58   5.55   1.40
200507   2.67   5.20   5.86   6.15   6.10   3.09   5.81   3.74   3.01   2.39
200508   0.08  -2.67  -1.28   5.70  -0.56  -1.25  -5.62  -0.26   1.18  -1.65
200509   0.35  -4.82   0.80   7.10   0.66  -1.47  -1.80  -1.87   4.38   1.20
200510  -1.51  -4.15  -2.49 -10.01  -1.85  -2.98   1.56  -3.27  -6.85   1.27
200511   1.00   2.26   5.36   1.27   6.51   2.62   3.95   1.60  -0.20   4.90
200512  -0.08  -0.63   1.48   0.69  -1.86  -1.66  -0.59   2.39   1.24   0.18
200601   0.05   6.14   5.23  12.59   3.75   3.82   2.01   2.18   3.06   1.58
200602   1.14  -0.28   1.05  -8.27  -1.05   3.33   1.41   1.09   0.22   0.99
200603   1.26   2.80   3.02   4.20   2.91   1.82   2.43  -0.98  -3.66   1.86
200604   1.03   0.57   4.17   4.52  -1.18   1.68  -1.58  -1.94   1.86   2.16
200605   1.09   0.49  -3.32  -3.46  -6.75  -0.22  -1.88  -2.20   1.52  -3.07
200606   0.27   1.90  -0.55   2.58  -1.38   2.96   0.29  -0.13   2.41  -0.35
200607   3.50  -3.21  -3.77   4.83  -3.86   2.24  -4.30   4.10   4.85  -0.89
200608   3.08   2.00   1.99  -3.60   7.31   2.53   2.07   2.25   2.35   1.71
200609  -0.62   4.29   1.83  -3.59   3.67   3.61   5.76   1.51  -2.19   3.22
200610   2.80   5.12   4.32   5.04   4.07   5.26   3.88   1.71   5.38   3.01
200611   1.40   1.83   3.61   8.59   3.04   0.65  -1.33   0.08   3.12   1.67
200612   1.99  -0.77   0.44  -1.90  -0.94   4.26   1.44   0.17   0.69   3.16
200701   1.52   2.71   3.16  -1.38   2.07   3.20   3.54   3.50   0.44   1.06
200702  -1.53  -0.43   0.75  -2.15  -2.37  -2.64  -0.62  -2.83   4.25  -2.34
200703   2.62  -1.09   1.68   5.87   0.93   2.30   0.73  -0.25   4.39  -0.18
200704   3.63   6.37   4.51   5.20   4.90   1.81   2.25   6.81   3.98   3.31
200705   2.89   3.46   4.85   7.32   3.90   6.96   2.46   1.14   1.29   3.22
200706  -1.05   2.07  -0.59   1.04   0.55  -1.80  -1.97  -3.39  -4.80  -2.70
200707  -4.19  -5.91  -0.04  -1.06  -1.28  -3.10  -5.35  -4.05  -3.73  -5.27
200708   1.83  -1.77   0.77   0.22   2.69  -0.86   1.53   2.27   1.76   1.14
200709   3.95   1.60   5.54   7.73   4.12   2.05  -0.63   3.53   3.60   2.68
200710   2.16   1.04   0.86   2.86   6.60  -2.17   1.18   1.54   6.78   0.26
200711   0.85  -8.73  -2.60  -3.87  -7.50  -6.43  -3.76  -0.02  -0.83  -6.00
200712  -1.01  -1.82   1.01   7.61   1.43  -0.25  -2.67  -3.99   0.86  -3.40
200801  -5.19  -5.97  -7.53  -9.32 -12.14  -7.75  -0.48  -4.60  -6.90  -2.17
200802  -0.06  -5.95   0.95   7.17  -3.49  -3.88  -4.65  -0.93  -2.97  -7.82
200803   1.09  -4.12   0.00  -2.90   0.85  -0.05   1.87  -1.80   0.84  -1.96
200804  -1.07   6.54   5.10  10.70   6.49   4.69   5.01   0.45   6.41   3.53
200805   3.31   1.79   3.41   4.27   5.52   4.73   1.19   1.63   3.62  -2.31
200806  -7.42 -19.30  -9.01   2.86  -8.93 -10.89  -8.08  -3.03  -0.46 -14.60
200807   2.36  -0.24  -0.26 -15.80  -0.50  -3.18   1.11   6.75  -7.22   4.12
200808   1.63   2.47   1.43  -0.19   2.36   4.00   5.36   1.78  -0.49   0.25
200809  -2.97  -9.40 -13.52 -12.61 -12.47 -12.61  -5.75  -5.95 -12.08  -6.06
200810 -13.06 -32.83 -20.80 -17.33 -18.44 -15.56 -15.16 -11.03 -11.08 -19.61
200811  -5.43 -11.47  -7.77  -0.58 -10.96  -1.57  -7.70  -7.35   1.07 -12.38
200812   0.98   1.51   1.44  -3.20   2.17   3.45   4.88   6.77  -2.06   0.87
200901  -5.28 -12.41  -9.20  -3.09  -3.23 -10.26  -7.61  -2.18  -0.81 -17.76
200902  -7.77 -12.61 -13.50 -11.97  -5.01  -6.95  -3.06  -9.95 -12.65 -14.39
200903   6.42  13.08   7.57   3.77  11.43   7.52   9.97   7.08   2.80  12.88
200904   4.98  42.84  17.51   5.30  12.36   9.66   9.55  -0.95   2.13  16.05
200905   7.13  -2.87   5.41  10.85   3.15   1.06  -0.94   6.21   4.65   7.27
200906   0.67   3.77  -1.70  -4.92   4.47   1.65  -0.28   3.61   4.65  -1.93
200907   7.26  19.07  11.47   5.34   8.26   5.52   6.78   5.45   4.37   9.08
200908   0.73   2.14   3.00   0.76   2.33   0.73   3.71   2.17   0.23   7.69
200909   4.23   2.89   6.45   5.31   5.18   6.48   2.41   2.41   2.30   3.17
200910  -0.73  -0.44  -2.82   2.17  -1.53  -3.48   0.07  -3.74  -2.76  -5.37
200911   3.90  10.15   7.63   3.11   4.86   6.52   5.01   8.21   4.54   5.65
200912   2.62   5.43   2.85  -0.45   5.95   6.42   1.98   2.46   5.85   0.72
201001  -2.33  -0.49  -3.36  -4.68  -7.79  -6.71  -1.85   0.00  -4.45  -0.59
201002   2.74   7.33   5.18   2.46   4.78   2.76   4.29   0.38  -0.43   3.63
201003   5.86   9.12   6.54   3.15   6.69   7.63   6.30   3.64   3.09   8.08
201004  -1.07   7.00   3.20   3.60   2.22   3.41   2.53  -2.17   2.86   1.82
201005  -5.73  -8.84  -8.35 -10.75  -7.76  -5.86  -5.34  -8.07  -6.30  -8.72
201006  -1.92 -10.50  -5.82  -6.47  -6.13  -3.84  -9.06  -1.58  -0.73  -6.46
201007   7.36  14.66   9.73   7.70   7.37  12.46   4.65   2.11   6.80   6.79
201008  -1.17  -9.40  -5.60  -3.35  -6.50  -1.96  -3.96  -1.62   0.41  -7.06
201009   6.08  13.20  10.20   9.57  12.43   7.96  12.13   9.04   3.64   8.49
201010   4.31   8.43   5.21   4.46   6.43   4.46   2.42   1.93   1.85   2.03
201011  -0.04   7.05   1.50   5.62  -0.73  -1.89   4.22  -3.33  -1.31   0.53
201012   4.29   8.83   7.07   9.29   6.01   6.77   3.29   5.43   3.23   9.18
201101  -2.29   0.00   2.99   6.99   4.04   0.08  -0.87  -0.59   2.22   2.09
201102   4.70  -1.83   3.37   7.64   2.35   7.27   2.32   3.37   2.42   2.95
201103   2.72   1.93   1.89   1.85  -1.48   1.75   1.15   2.40   0.91  -1.06
201104   4.46   2.60   2.91   1.34   3.14   3.18   4.56   6.32   4.01   1.08
201105   1.98  -3.64  -2.16  -4.55  -1.73   0.67   0.81   2.00   1.31  -2.64
201106  -1.10  -1.32  -0.69  -2.50  -2.43  -1.31  -0.78  -1.86  -0.34  -2.13
201107  -0.44  -9.05  -4.63   0.43  -0.59  -4.89  -0.60  -3.57  -0.33  -3.70

